0 79 13
0 80 13
0 81 8
0 1 83
0 1 50
0 1 100
0 2 66
0 2 52
0 2 96
0 3 102
0 3 46
0 3 217
0 4 100
0 4 109
0 4 204
0 5 305
0 5 138
0 5 222
0 6 97
0 6 161
0 6 450
0 7 168
0 7 158
0 7 483
0 8 82
0 8 36
0 8 19
0 9 188
0 9 97
0 9 245
0 10 63
0 10 134
0 10 205
0 11 165
0 11 101
0 11 255
0 12 97
0 12 74
0 12 91
0 13 68
0 13 96
0 41 130
0 13 344
0 14 76
0 14 94
0 14 203
0 15 28
0 15 112
0 15 377
0 16 120
0 16 59
0 16 314
0 17 80
0 17 67
0 17 140
0 18 55
0 18 21
0 18 270
0 19 123
0 19 100
0 19 453
0 20 98
0 20 133
0 20 514
0 21 117
0 21 116
0 21 60
0 22 76
0 22 50
0 22 91
0 23 107
0 23 164
0 23 308
0 24 182
0 24 159
0 24 229
0 25 73
0 25 157
0 25 616
0 26 91
0 26 169
0 26 181
0 27 93
0 27 74
0 27 167
0 28 94
0 28 57
0 28 290
0 29 69
0 29 16
0 29 202
0 30 51
0 30 20
0 30 36
0 31 57
0 31 58
0 31 131
0 32 76
0 32 70
0 32 138
0 33 57
0 33 89
0 33 122
0 34 71
0 34 140
0 34 297
0 35 65
0 35 90
0 35 164
0 36 65
0 36 45
0 36 35
0 37 36
0 37 133
0 37 73
0 38 65
0 38 123
0 38 318
0 39 84
0 39 40
0 39 273
0 40 72
0 40 52
0 40 48
0 41 87
0 41 172
0 42 129
0 42 121
0 42 342
0 43 142
0 43 34
0 43 117
0 44 60
0 44 132
0 44 350
0 45 66
0 45 77
0 45 207
0 46 60
0 46 9
0 46 32
0 47 143
0 47 81
0 47 104
0 48 90
0 48 79
0 48 97
0 49 81
0 49 56
0 49 316
0 84 6
0 50 16
0 50 9
0 52 9
0 53 5
0 55 7
0 55 5
0 56 7
0 57 24
0 58 18
0 59 11
0 59 5
0 60 5
0 61 38
0 85 13
0 62 5
0 63 6
0 66 28
0 67 8
0 68 6
0 69 8
0 69 8
0 70 8
0 72 9
0 73 17
0 74 11
0 74 6
0 96 9
0 96 7
0 75 23
0 77 6
0 78 7
0 87 15
0 87 5
0 87 18
0 88 26
0 90 5
0 91 14
0 92 7
0 93 16
0 95 7
0 95 5
0 97 22
0 98 5
0 99 15
1 78 7
1 2 62
1 2 33
1 2 132
1 3 92
1 3 22
1 3 208
1 4 75
1 4 89
1 4 54
1 5 95
1 5 70
1 6 73
1 6 50
1 6 131
1 7 105
1 7 111
1 7 39
1 8 74
1 8 28
1 8 39
1 9 129
1 9 54
1 9 26
1 10 151
1 10 634
1 11 52
1 11 43
1 11 52
1 12 72
1 12 56
1 12 44
1 13 70
1 13 44
1 13 78
1 14 71
1 14 70
1 15 72
1 15 53
1 15 202
1 16 66
1 16 44
1 16 164
1 17 89
1 17 46
1 17 76
1 18 53
1 18 68
1 19 62
1 19 46
1 19 102
1 20 54
1 20 91
1 20 96
1 21 59
1 21 14
1 21 95
1 22 70
1 22 32
1 22 202
1 23 106
1 23 72
1 24 106
1 24 51
1 24 98
1 25 58
1 25 105
1 25 73
1 26 75
1 26 137
1 26 134
1 27 65
1 27 54
1 27 88
1 28 64
1 28 28
1 28 72
1 29 50
1 30 62
1 30 38
1 30 14
1 31 66
1 31 44
1 31 20
1 32 58
1 32 66
1 32 24
1 33 49
1 33 63
1 33 44
1 34 47
1 34 243
1 35 53
1 35 34
1 35 77
1 36 65
1 36 62
1 36 62
1 37 55
1 37 113
1 37 23
1 38 18
1 38 108
1 39 105
1 39 11
1 39 52
1 40 62
1 40 33
1 41 72
1 41 132
1 41 115
1 42 64
1 42 94
1 42 40
1 43 102
1 43 29
1 43 80
1 44 64
1 44 79
1 44 133
1 45 67
1 45 34
1 45 84
1 46 59
1 46 15
1 46 54
1 47 76
1 47 27
1 47 137
1 48 54
1 48 41
1 48 15
1 49 57
1 49 21
1 49 52
1 84 6
1 84 16
1 51 5
1 52 16
1 53 7
1 53 4
1 54 4
1 55 4
1 56 14
1 58 14
1 58 14
1 61 5
1 61 21
1 61 14
1 85 7
1 85 16
1 62 4
1 63 5
1 64 6
1 65 17
1 66 29
1 67 14
1 68 16
1 69 8
1 69 8
1 70 19
1 71 6
1 73 4
1 73 14
1 74 11
1 96 8
1 96 7
1 75 7
1 75 6
1 76 15
1 77 8
1 77 24
1 79 11
1 80 4
1 81 8
1 86 9
1 86 4
1 86 17
1 88 15
1 88 18
1 89 6
1 89 6
1 89 18
1 91 10
1 92 5
1 93 4
1 95 14
1 95 16
1 97 5
1 97 15
1 98 5
1 99 10
1 99 7
2 3 123
2 3 24
2 3 443
2 4 135
2 4 59
2 4 86
2 5 163
2 5 118
2 5 113
2 6 129
2 6 66
2 6 107
2 7 142
2 7 39
2 7 251
2 8 92
2 8 74
2 8 65
2 9 138
2 9 50
2 9 77
2 10 100
2 10 80
2 10 84
2 11 63
2 11 71
2 11 159
2 12 74
2 12 46
2 12 103
2 13 49
2 13 53
2 13 230
2 14 70
2 14 71
2 14 233
2 15 91
2 15 84
2 15 107
2 16 154
2 16 100
2 16 244
2 17 75
2 17 33
2 18 90
2 18 6
2 18 61
2 19 146
2 19 105
2 19 119
2 20 205
2 20 100
2 20 133
2 21 108
2 21 120
2 21 220
2 22 169
2 22 18
2 22 119
2 23 125
2 23 23
2 23 58
2 24 125
2 24 184
2 24 90
2 25 97
2 25 62
2 25 36
2 26 97
2 26 40
2 26 235
2 27 175
2 27 41
2 27 81
2 28 52
2 28 17
2 28 155
2 29 79
2 29 47
2 29 54
2 30 88
2 30 27
2 30 34
2 31 71
2 31 8
2 31 39
2 32 105
2 32 46
2 32 34
2 33 123
2 33 31
2 33 111
2 34 116
2 34 39
2 35 71
2 35 41
2 35 87
2 36 158
2 36 26
2 36 121
2 37 105
2 37 51
2 37 139
2 38 51
2 38 52
2 38 71
2 39 218
2 39 65
2 39 35
2 40 135
2 40 48
2 40 46
2 41 119
2 41 57
2 41 58
2 42 172
2 42 82
2 42 257
2 43 234
2 43 68
2 43 669
2 44 80
2 44 29
2 44 109
2 45 61
2 45 36
2 45 91
2 46 52
2 46 48
2 46 161
2 47 86
2 47 18
2 47 27
2 48 83
2 48 11
2 48 91
2 49 55
2 49 34
2 49 36
2 84 14
2 51 9
2 52 15
2 53 5
2 54 8
2 55 7
2 55 57
2 56 6
2 57 17
2 58 7
2 60 11
2 61 4
2 85 3
2 63 5
2 65 4
2 66 12
2 66 21
2 68 13
2 68 80
2 69 16
2 71 19
2 73 26
2 74 30
2 74 12
2 96 17
2 96 12
2 76 5
2 77 8
2 79 5
2 80 4
2 81 6
2 86 3
2 87 6
2 90 6
2 91 26
2 92 13
2 93 9
2 93 4
2 94 6
2 95 33
2 97 5
2 97 15
2 97 22
2 99 5
3 52 4
3 52 26
3 55 74
3 4 114
3 4 38
3 4 182
3 5 134
3 5 140
3 5 69
3 6 141
3 6 27
3 6 222
3 7 209
3 7 70
3 7 128
3 8 77
3 8 140
3 8 48
3 9 122
3 9 21
3 9 38
3 10 68
3 10 107
3 10 164
3 11 84
3 11 46
3 11 80
3 12 112
3 12 13
3 12 88
3 13 92
3 13 33
3 13 123
3 14 58
3 14 42
3 14 110
3 15 59
3 15 108
3 15 111
3 16 95
3 16 58
3 16 208
3 17 82
3 17 54
3 17 70
3 18 47
3 18 27
3 19 77
3 19 46
3 19 24
3 57 14
3 20 176
3 20 61
3 20 248
3 21 82
3 21 137
3 21 253
3 22 96
3 22 21
3 22 134
3 23 26
3 23 34
3 23 79
3 24 157
3 24 178
3 24 259
3 25 194
3 25 44
3 25 338
3 26 189
3 26 55
3 26 435
3 27 146
3 27 39
3 27 142
3 28 98
3 28 27
3 28 227
3 29 7
3 29 13
3 29 27
3 30 53
3 30 22
3 31 84
3 31 16
3 31 71
3 32 71
3 32 17
3 32 57
3 33 70
3 33 34
3 33 132
3 34 27
3 34 49
3 34 122
3 35 55
3 58 16
3 35 54
3 35 47
3 36 121
3 36 34
3 36 171
3 37 71
3 37 49
3 37 88
3 38 76
3 39 165
3 39 134
3 39 136
3 40 118
3 40 48
3 41 169
3 41 206
3 41 234
3 42 57
3 42 48
3 42 218
3 43 201
3 43 107
3 43 382
3 44 64
3 44 53
3 44 209
3 45 104
3 45 44
3 45 121
3 46 65
3 46 19
3 46 240
3 47 82
3 47 30
3 47 164
3 48 121
3 48 46
3 48 26
3 49 103
3 49 44
3 49 75
3 84 7
3 84 25
3 50 40
3 50 4
3 61 10
3 85 12
3 85 4
3 64 7
3 66 5
3 67 23
3 68 4
3 68 24
3 69 10
3 73 5
3 73 22
3 74 7
3 74 9
3 96 12
3 75 11
3 76 50
3 76 6
3 77 9
3 78 8
3 79 5
3 81 3
3 86 5
3 87 4
3 88 27
3 89 61
3 89 6
3 91 10
3 91 37
3 92 6
3 93 10
3 95 13
3 97 5
3 98 6
3 99 4
4 74 7
4 5 139
4 5 148
4 5 448
4 6 131
4 6 145
4 6 471
4 7 121
4 7 83
4 7 266
4 8 113
4 8 80
4 9 213
4 9 131
4 9 416
4 10 104
4 10 247
4 10 190
4 11 48
4 11 49
4 11 295
4 71 7
4 12 92
4 12 130
4 12 258
4 13 81
4 13 97
4 13 162
4 14 57
4 14 147
4 14 135
4 15 61
4 15 88
4 15 405
4 16 85
4 16 82
4 16 470
4 17 86
4 17 78
4 17 167
4 18 75
4 18 30
4 18 78
4 19 123
4 19 111
4 19 280
4 20 55
4 20 176
4 20 205
4 21 151
4 21 43
4 21 228
4 22 73
4 22 91
4 22 132
4 23 94
4 23 139
4 23 69
4 24 126
4 24 108
4 24 83
4 25 40
4 25 137
4 25 225
4 26 149
4 26 166
4 26 277
4 27 213
4 27 113
4 27 377
4 28 154
4 28 47
4 28 169
4 29 97
4 29 93
4 29 207
4 30 48
4 30 42
4 30 46
4 31 143
4 31 137
4 31 311
4 32 100
4 32 103
4 32 202
4 33 135
4 33 76
4 33 313
4 34 171
4 34 100
4 34 402
4 35 64
4 35 118
4 35 246
4 36 124
4 36 78
4 36 179
4 37 116
4 37 181
4 37 299
4 38 64
4 38 138
4 38 190
4 39 170
4 73 10
4 74 16
4 39 52
4 39 439
4 40 109
4 40 61
4 40 357
4 41 124
4 41 177
4 41 414
4 42 77
4 42 154
4 42 212
4 43 169
4 43 26
4 43 506
4 44 93
4 44 121
4 44 352
4 45 78
4 45 98
4 45 232
4 46 91
4 46 36
4 46 143
4 47 83
4 47 52
4 47 303
4 48 131
4 48 118
4 48 253
4 49 74
4 49 110
4 49 134
4 50 23
4 50 11
4 52 4
4 53 4
4 55 9
4 55 4
4 58 6
4 59 4
4 60 21
4 61 49
4 85 34
4 63 3
4 66 24
4 67 8
4 68 4
4 69 28
4 96 27
4 75 9
4 75 10
4 77 8
4 78 7
4 79 6
4 86 4
4 87 27
4 88 72
4 88 149
4 91 4
4 93 32
4 95 9
4 99 30
5 6 275
5 6 222
5 6 378
5 7 391
5 7 312
5 7 745
5 8 94
5 8 201
5 9 246
5 9 118
5 9 145
5 10 149
5 10 208
5 10 107
5 11 62
5 11 46
5 11 226
5 12 160
5 12 112
5 12 341
5 13 188
5 13 123
5 13 56
5 14 133
5 14 101
5 15 166
5 15 229
5 15 281
5 16 310
5 16 129
5 16 422
5 17 166
5 17 181
5 17 56
5 18 116
5 18 51
5 18 153
5 19 274
5 19 141
5 19 347
5 20 194
5 20 145
5 20 134
5 21 140
5 21 168
5 21 267
5 22 102
5 22 99
5 22 189
5 23 164
5 23 151
5 23 81
5 24 256
5 24 256
5 24 104
5 25 263
5 25 184
5 25 59
5 26 156
5 26 220
5 26 137
5 27 208
5 27 104
5 27 293
5 28 113
5 28 80
5 28 57
5 29 75
5 29 51
5 29 183
5 30 124
5 30 28
5 30 57
5 31 116
5 31 106
5 31 263
5 32 137
5 32 54
5 32 152
5 33 174
5 33 173
5 33 195
5 34 112
5 34 98
5 34 193
5 35 123
5 35 84
5 35 132
5 36 166
5 36 122
5 36 248
5 37 181
5 37 144
5 37 258
5 38 58
5 38 124
5 38 226
5 39 244
5 39 211
5 39 274
5 40 220
5 40 49
5 40 328
5 41 179
5 41 295
5 41 343
5 42 277
5 42 192
5 42 204
5 43 253
5 43 180
5 43 365
5 44 184
5 44 107
5 44 119
5 45 128
5 45 156
5 45 116
5 46 122
5 46 86
5 46 201
5 47 240
5 47 113
5 47 128
5 48 205
5 48 166
5 48 276
5 49 157
5 49 110
5 49 110
5 84 7
5 50 10
5 51 19
5 52 29
5 52 18
5 53 15
5 55 12
5 56 21
5 57 114
5 58 9
5 60 15
5 61 53
5 85 17
5 66 41
5 68 7
5 69 14
5 69 40
5 73 7
5 74 6
5 96 61
5 96 34
5 75 9
5 77 10
5 79 7
5 81 23
5 87 10
5 87 15
5 87 50
5 88 11
5 88 27
5 90 15
5 91 8
5 92 7
5 92 7
5 93 29
5 94 7
5 95 32
5 97 7
5 97 15
5 99 12
6 30 73
6 30 17
6 7 216
6 7 179
6 7 816
6 8 70
6 8 85
6 8 158
6 9 179
6 9 111
6 9 180
6 10 136
6 10 181
6 10 337
6 11 51
6 11 103
6 11 170
6 12 122
6 12 88
6 12 468
6 13 60
6 13 65
6 13 88
6 14 15
6 14 108
6 14 291
6 15 74
6 15 102
6 15 388
6 16 138
6 16 98
6 16 368
6 17 106
6 17 76
6 17 306
6 18 61
6 18 9
6 18 259
6 19 157
6 19 81
6 19 367
6 20 169
6 20 125
6 20 373
6 21 122
6 21 55
6 21 239
6 22 91
6 22 52
6 22 241
6 23 108
6 23 129
6 23 128
6 24 166
6 24 170
6 24 314
6 25 116
6 25 127
6 25 311
6 26 96
6 26 174
6 26 268
6 27 166
6 27 176
6 27 229
6 28 79
6 28 90
6 28 142
6 29 64
6 29 52
6 29 242
6 30 82
6 31 102
6 31 57
6 31 203
6 32 93
6 32 79
6 32 276
6 33 120
6 33 66
6 33 180
6 34 121
6 34 190
6 34 222
6 35 79
6 35 76
6 35 125
6 36 147
6 36 69
6 36 161
6 37 100
6 37 179
6 37 297
6 38 29
6 38 133
6 38 184
6 39 215
6 39 121
6 39 211
6 40 151
6 40 72
6 40 114
6 41 146
6 41 195
6 41 259
6 42 150
6 42 115
6 42 202
6 43 211
6 43 76
6 43 434
6 44 104
6 44 113
6 44 238
6 45 72
6 45 64
6 45 152
6 46 69
6 46 32
6 46 377
6 47 114
6 47 89
6 47 401
6 48 113
6 48 140
6 48 208
6 49 66
6 49 62
6 49 247
6 84 7
6 84 45
6 50 7
6 52 10
6 53 5
6 55 5
6 55 78
6 57 21
6 61 19
6 85 10
6 63 29
6 66 19
6 69 14
6 70 11
6 72 10
6 74 7
6 96 11
6 96 6
6 75 6
6 78 9
6 79 6
6 87 32
6 88 11
6 88 43
6 88 47
6 89 4
6 93 5
6 94 7
6 94 7
6 95 8
6 99 6
7 49 45
7 8 110
7 8 140
7 8 64
7 9 201
7 9 65
7 9 128
7 10 115
7 10 170
7 10 242
7 11 59
7 11 11
7 11 272
7 12 188
7 12 90
7 12 254
7 13 170
7 13 41
7 13 228
7 14 56
7 14 99
7 14 252
7 15 169
7 15 126
7 15 203
7 16 150
7 16 74
7 16 519
7 17 178
7 17 94
7 17 258
7 18 69
7 18 20
7 18 318
7 19 171
7 19 49
7 19 233
7 20 175
7 20 71
7 20 270
7 21 75
7 21 111
7 21 302
7 22 173
7 22 51
7 22 165
7 23 96
7 23 198
7 23 126
7 24 259
7 24 170
7 24 253
7 25 226
7 25 161
7 25 72
7 26 215
7 26 240
7 26 264
7 27 196
7 27 79
7 27 253
7 28 125
7 28 79
7 28 215
7 29 31
7 29 41
7 29 259
7 30 71
7 30 35
7 30 59
7 31 79
7 31 49
7 31 202
7 32 127
7 32 31
7 32 169
7 33 197
7 33 149
7 33 323
7 34 106
7 34 112
7 35 192
7 35 62
7 35 176
7 36 157
7 36 53
7 36 99
7 37 95
7 37 110
7 37 206
7 38 77
7 38 108
7 38 245
7 39 202
7 39 150
7 39 144
7 40 207
7 40 67
7 40 154
7 41 141
7 41 220
7 41 220
7 42 188
7 42 192
7 42 346
7 43 234
7 43 124
7 43 416
7 44 105
7 44 170
7 44 48
7 45 146
7 45 89
7 45 106
7 46 71
7 46 68
7 46 390
7 47 162
7 47 123
7 47 171
7 48 180
7 48 80
7 48 53
7 49 52
7 49 237
7 84 19
7 84 21
7 50 7
7 51 16
7 52 20
7 52 30
7 53 25
7 55 10
7 55 155
7 56 10
7 56 17
7 57 16
7 58 15
7 58 34
7 59 10
7 60 10
7 61 59
7 85 27
7 62 10
7 63 38
7 65 22
7 66 34
7 67 12
7 68 11
7 69 26
7 69 53
7 70 7
7 70 34
7 72 6
7 72 14
7 73 25
7 74 49
7 96 44
7 96 16
7 75 6
7 75 18
7 76 19
7 77 48
7 78 5
7 78 12
7 79 56
7 80 12
7 80 41
7 81 13
7 87 14
7 87 9
7 87 89
7 88 38
7 88 79
7 88 23
7 90 9
7 91 55
7 92 46
7 93 23
7 93 21
7 94 15
7 94 8
7 95 31
7 97 15
7 97 9
7 98 34
7 99 29
8 67 34
8 9 28
8 68 4
8 10 53
8 9 126
8 9 23
8 10 147
8 10 110
8 11 33
8 11 49
8 12 96
8 12 27
8 13 47
8 13 32
8 14 34
8 15 51
8 15 142
8 15 38
8 16 83
8 16 174
8 17 70
8 17 17
8 18 64
8 18 7
8 19 90
8 19 28
8 20 67
8 20 64
8 21 70
8 21 196
8 21 93
8 22 74
8 22 33
8 22 43
8 23 88
8 23 12
8 23 52
8 24 70
8 24 260
8 25 90
8 25 70
8 26 105
8 26 82
8 26 43
8 27 92
8 27 52
8 27 15
8 28 56
8 28 64
8 29 44
8 29 27
8 30 67
8 30 5
8 31 51
8 31 22
8 31 40
8 32 69
8 32 12
8 33 74
8 33 14
8 67 5
8 34 90
8 34 96
8 35 63
8 35 36
8 36 88
8 36 75
8 37 63
8 37 64
8 38 63
8 38 57
8 39 96
8 39 196
8 40 73
8 40 7
8 40 66
8 41 106
8 41 142
8 42 118
8 42 115
8 43 119
8 43 145
8 44 56
8 44 34
8 45 45
8 45 163
8 45 61
8 46 52
8 46 91
8 47 63
8 48 36
8 48 55
8 48 14
8 49 38
8 49 23
8 84 4
8 84 35
8 50 5
8 51 8
8 52 9
8 53 4
8 55 11
8 56 14
8 57 49
8 58 15
8 58 33
8 58 28
8 59 5
8 59 10
8 60 34
8 61 4
8 85 7
8 85 4
8 62 5
8 62 9
8 63 5
8 64 14
8 65 8
8 65 10
8 66 6
8 66 62
8 68 24
8 68 35
8 69 14
8 69 44
8 70 13
8 71 10
8 71 6
8 71 9
8 72 5
8 73 7
8 73 33
8 74 7
8 74 15
8 74 15
8 96 25
8 75 4
8 75 5
8 76 22
8 77 19
8 78 11
8 79 8
8 79 18
8 80 5
8 80 5
8 81 4
8 81 5
8 87 5
8 88 13
8 88 54
8 89 5
8 90 5
8 90 7
8 91 8
8 91 11
8 92 6
8 92 7
8 92 27
8 93 13
8 95 6
8 95 10
8 98 6
8 99 19
9 10 84
9 10 294
9 10 155
9 11 96
9 11 66
9 11 158
9 12 337
9 12 90
9 12 185
9 13 101
9 13 139
9 13 302
9 14 70
9 14 164
9 14 248
9 15 181
9 40 95
9 15 76
9 15 595
9 16 141
9 16 72
9 16 138
9 17 185
9 17 61
9 17 405
9 18 161
9 18 13
9 18 242
9 19 287
9 19 149
9 19 459
9 20 170
9 20 166
9 20 260
9 21 199
9 21 44
9 21 65
9 22 190
9 22 68
9 22 60
9 23 154
9 23 192
9 23 453
9 24 261
9 24 110
9 24 112
9 25 232
9 25 189
9 25 392
9 26 153
9 26 147
9 26 149
9 27 198
9 89 28
9 27 100
9 27 121
9 28 173
9 28 65
9 28 101
9 29 121
9 29 42
9 29 133
9 30 128
9 30 25
9 30 33
9 31 146
9 31 66
9 31 38
9 32 204
9 32 66
9 32 207
9 33 271
9 33 130
9 33 222
9 34 233
9 34 171
9 34 352
9 35 190
9 35 51
9 35 381
9 36 143
9 36 55
9 36 32
9 37 139
9 37 138
9 37 77
9 38 203
9 38 128
9 38 357
9 39 244
9 39 63
9 39 189
9 40 163
9 40 94
9 41 193
9 41 185
9 41 109
9 42 227
9 42 135
9 42 274
9 43 194
9 43 85
9 43 304
9 44 202
9 44 140
9 44 332
9 45 185
9 45 46
9 45 72
9 46 153
9 46 35
9 46 29
9 47 198
9 47 75
9 47 151
9 48 154
9 48 58
9 48 129
9 49 156
9 49 100
9 49 149
9 50 28
9 50 12
9 51 38
9 52 9
9 52 39
9 54 38
9 58 11
9 60 38
9 61 18
9 85 9
9 65 4
9 66 9
9 66 41
9 68 39
9 69 10
9 74 4
9 96 10
9 96 9
9 75 11
9 77 4
9 79 3
9 80 3
9 87 4
9 87 38
9 90 38
9 91 7
9 94 62
9 95 3
9 97 4
9 97 38
9 99 9
9 99 69
10 11 31
10 11 49
10 11 372
10 12 90
10 12 173
10 12 325
10 13 56
10 13 85
10 13 143
10 14 148
10 14 166
10 15 35
10 15 211
10 15 370
10 16 109
10 16 170
10 16 237
10 17 196
10 17 357
10 18 56
10 18 56
10 18 197
10 19 124
10 19 121
10 19 338
10 20 99
10 20 249
10 20 244
10 21 87
10 21 264
10 21 135
10 22 74
10 22 98
10 22 857
10 23 80
10 23 177
10 23 252
10 24 32
10 24 261
10 24 188
10 25 172
10 25 250
10 25 307
10 26 51
10 26 204
10 26 309
10 27 148
10 27 179
10 27 234
10 28 69
10 28 152
10 28 236
10 29 90
10 29 114
10 29 230
10 30 55
10 30 82
10 30 568
10 31 35
10 31 139
10 31 180
10 32 132
10 32 182
10 32 236
10 33 124
10 33 174
10 33 237
10 34 83
10 34 183
10 34 596
10 35 62
10 35 155
10 35 181
10 36 109
10 36 162
10 36 83
10 37 53
10 37 192
10 37 322
10 38 54
10 38 241
10 38 279
10 39 144
10 61 417
10 85 36
10 39 191
10 39 472
10 40 133
10 40 150
10 40 416
10 41 104
10 41 344
10 41 219
10 42 108
10 42 136
10 42 212
10 43 210
10 43 146
10 43 115
10 44 99
10 44 216
10 44 313
10 45 92
10 45 164
10 45 592
10 46 34
10 46 126
10 46 183
10 47 57
10 47 105
10 47 344
10 48 38
10 48 157
10 48 144
10 49 28
10 49 107
10 49 280
10 84 150
10 50 43
10 51 29
10 52 28
10 53 42
10 54 30
10 55 28
10 56 416
10 57 10
10 57 62
10 58 24
10 59 12
10 60 19
10 61 85
10 85 419
10 63 48
10 64 14
10 65 26
10 66 112
10 67 27
10 67 85
10 68 13
10 68 86
10 69 58
10 69 49
10 70 39
10 71 74
10 72 11
10 73 84
10 74 69
10 96 57
10 75 63
10 77 13
10 78 26
10 79 9
10 80 12
10 81 11
10 81 32
10 86 34
10 86 419
10 88 42
10 88 91
10 88 155
10 89 31
10 89 420
10 91 14
10 92 90
10 93 16
10 95 19
10 97 57
10 97 416
10 98 59
10 99 36
11 12 43
11 12 22
11 12 157
11 13 59
11 13 86
11 13 477
11 14 112
11 14 124
11 14 152
11 15 70
11 15 37
11 15 194
11 16 61
11 16 134
11 16 136
11 17 84
11 17 254
11 18 31
11 18 20
11 18 85
11 19 40
11 19 113
11 19 323
11 20 45
11 20 62
11 20 244
11 21 42
11 21 82
11 21 27
11 22 65
11 22 41
11 22 86
11 23 33
11 23 43
11 23 57
11 24 78
11 24 84
11 24 249
11 25 25
11 25 46
11 25 222
11 26 79
11 26 46
11 26 90
11 27 32
11 27 25
11 27 74
11 28 31
11 28 25
11 28 288
11 29 51
11 29 184
11 30 21
11 30 20
11 30 81
11 31 20
11 31 29
11 31 39
11 32 17
11 32 15
11 32 34
11 33 75
11 33 74
11 33 153
11 34 114
11 35 31
11 35 44
11 35 111
11 36 42
11 36 22
11 36 33
11 37 23
11 37 71
11 37 177
11 38 133
11 39 76
11 39 8
11 39 248
11 40 30
11 40 109
11 41 80
11 41 68
11 41 256
11 42 31
11 42 37
11 42 239
11 43 71
11 43 8
11 43 318
11 44 41
11 44 35
11 44 147
11 45 32
11 45 52
11 45 141
11 46 26
11 46 30
11 46 113
11 47 46
11 47 52
11 47 146
11 48 49
11 48 45
11 48 246
11 49 80
11 49 16
11 49 197
11 84 8
11 84 44
11 50 6
11 54 7
11 55 6
11 57 7
11 57 15
11 59 17
11 85 6
11 65 6
11 66 19
11 68 21
11 69 8
11 70 8
11 71 18
11 73 11
11 73 25
11 74 6
11 76 8
11 77 6
11 79 5
11 80 10
11 86 6
11 88 46
11 89 30
11 91 35
11 92 11
11 93 7
11 94 16
11 94 35
11 95 6
11 95 16
11 97 20
11 97 20
11 99 11
11 99 42
12 84 25
12 13 56
12 13 73
12 13 171
12 14 65
12 14 92
12 14 226
12 15 141
12 15 86
12 15 317
12 16 89
12 16 59
12 16 123
12 17 149
12 17 80
12 17 205
12 18 41
12 18 7
12 18 232
12 19 139
12 19 124
12 19 480
12 20 193
12 20 119
12 20 192
12 21 91
12 21 22
12 21 235
12 22 90
12 22 54
12 22 172
12 23 346
12 23 147
12 23 196
12 24 119
12 24 78
12 24 136
12 25 178
12 38 270
12 25 151
12 25 281
12 26 80
12 26 132
12 26 145
12 27 55
12 27 74
12 27 215
12 28 217
12 28 27
12 28 119
12 29 261
12 29 41
12 29 423
12 30 52
12 30 39
12 30 71
12 31 74
12 31 84
12 31 153
12 32 112
12 32 94
12 32 266
12 33 359
12 33 63
12 33 50
12 34 354
12 34 155
12 34 231
12 35 80
12 35 63
12 35 111
12 36 87
12 36 69
12 36 201
12 37 124
12 37 131
12 37 458
12 38 153
12 38 120
12 39 170
12 39 21
12 39 393
12 40 110
12 40 66
12 40 219
12 41 146
12 41 150
12 41 242
12 42 202
12 42 102
12 42 150
12 43 139
12 43 51
12 43 419
12 44 109
12 44 126
12 44 176
12 45 274
12 45 59
12 45 88
12 46 91
12 46 27
12 46 348
12 47 254
12 47 64
12 47 294
12 48 114
12 48 94
12 48 344
12 49 119
12 49 60
12 49 215
12 84 4
12 50 31
12 50 6
12 52 21
12 54 4
12 56 11
12 57 5
12 58 6
12 60 13
12 60 4
12 61 26
12 85 14
12 63 5
12 65 4
12 66 19
12 69 13
12 71 13
12 74 5
12 96 22
12 96 7
12 75 5
12 76 39
12 79 4
12 80 4
12 88 28
12 89 47
12 93 5
12 93 16
12 94 5
12 95 11
12 99 7
13 14 37
13 14 148
13 14 262
13 15 96
13 15 56
13 15 401
13 16 64
13 16 58
13 16 110
13 17 61
13 17 49
13 17 219
13 18 46
13 18 25
13 18 298
13 19 113
13 19 139
13 19 420
13 20 27
13 20 116
13 20 147
13 21 31
13 21 103
13 21 96
13 22 75
13 22 22
13 22 65
13 23 59
13 23 152
13 23 504
13 24 136
13 24 106
13 24 114
13 25 158
13 25 125
13 25 507
13 26 71
13 26 138
13 26 240
13 27 129
13 27 82
13 27 155
13 28 36
13 28 57
13 28 398
13 29 19
13 29 52
13 30 26
13 30 33
13 30 33
13 31 40
13 31 83
13 31 66
13 32 54
13 32 57
13 32 181
13 33 90
13 33 120
13 33 181
13 34 77
13 34 390
13 35 40
13 35 89
13 35 261
13 36 61
13 36 37
13 36 32
13 37 50
13 37 101
13 37 144
13 38 46
13 38 315
13 39 87
13 39 37
13 39 88
13 40 88
13 40 48
13 40 45
13 41 59
13 41 140
13 41 319
13 42 86
13 42 110
13 42 307
13 43 121
13 43 58
13 43 274
13 44 36
13 44 119
13 44 259
13 45 60
13 45 71
13 45 30
13 46 31
13 46 115
13 47 66
13 47 59
13 47 69
13 48 62
13 48 74
13 48 24
13 49 73
13 49 47
13 49 95
13 84 8
13 50 16
13 52 9
13 54 7
13 55 77
13 57 14
13 58 8
13 59 13
13 60 7
13 61 21
13 62 8
13 64 6
13 66 23
13 67 7
13 68 8
13 71 10
13 72 8
13 73 17
13 74 7
13 75 15
13 76 6
13 77 7
13 78 10
13 79 9
13 80 9
13 81 7
13 86 4
13 87 8
13 88 4
13 90 8
13 91 9
13 92 23
13 93 11
13 95 7
13 97 6
14 15 30
14 15 155
14 15 342
14 16 83
14 16 164
14 17 34
14 17 101
14 17 227
14 18 172
14 19 17
14 19 170
14 19 292
14 20 96
14 20 130
14 20 296
14 21 69
14 21 7
14 21 97
14 22 51
14 22 45
14 22 140
14 23 14
14 23 174
14 23 88
14 24 72
14 24 153
14 24 255
14 25 144
14 25 247
14 26 63
14 26 164
14 26 182
14 27 86
14 27 104
14 28 11
14 28 19
14 28 143
14 29 8
14 29 26
14 29 157
14 30 27
14 30 66
14 31 8
14 31 78
14 31 43
14 32 24
14 32 111
14 32 96
14 33 122
14 33 155
14 33 139
14 34 163
14 34 73
14 66 7
14 66 46
14 35 110
14 35 111
14 36 52
14 36 55
14 36 64
14 37 153
14 37 94
14 38 103
14 38 74
14 39 52
14 39 39
14 39 140
14 40 76
14 40 50
14 41 103
14 41 170
14 41 61
14 42 185
14 42 209
14 43 56
14 43 106
14 43 342
14 44 126
14 44 125
14 45 7
14 45 76
14 45 87
14 46 16
14 46 189
14 47 8
14 47 82
14 47 149
14 48 94
14 48 94
14 48 201
14 49 54
14 49 120
14 49 135
14 84 5
14 84 26
14 50 9
14 51 9
14 52 5
14 54 7
14 55 9
14 55 82
14 58 10
14 58 17
14 59 8
14 59 5
14 59 27
14 60 9
14 61 57
14 85 6
14 64 9
14 68 5
14 69 13
14 71 8
14 73 9
14 73 7
14 74 7
14 96 6
14 75 9
14 75 8
14 76 8
14 77 10
14 78 5
14 79 7
14 86 6
14 87 6
14 88 10
14 88 28
14 91 14
14 92 7
14 93 7
14 94 6
14 95 9
14 95 15
14 97 13
14 99 11
15 16 81
15 16 110
15 16 253
15 17 133
15 17 108
15 17 460
15 18 41
15 18 55
15 18 452
15 19 114
15 19 202
15 19 647
15 20 99
15 20 145
15 20 174
15 21 68
15 21 167
15 21 121
15 22 118
15 22 49
15 22 208
15 23 140
15 23 145
15 23 411
15 24 182
15 24 281
15 24 227
15 25 168
15 25 179
15 25 403
15 26 100
15 26 181
15 26 212
15 27 89
15 27 98
15 27 131
15 28 61
15 28 38
15 28 47
15 29 48
15 29 40
15 29 162
15 30 47
15 30 35
15 30 28
15 31 48
15 31 55
15 31 75
15 32 90
15 32 106
15 32 265
15 33 80
15 33 115
15 33 267
15 34 113
15 34 94
15 34 657
15 35 58
15 35 115
15 35 286
15 36 57
15 36 81
15 36 44
15 37 84
15 37 121
15 37 158
15 38 23
15 38 138
15 38 263
15 39 121
15 39 173
15 39 279
15 40 91
15 40 41
15 40 95
15 41 80
15 41 215
15 41 91
15 42 119
15 42 172
15 42 148
15 43 59
15 43 119
15 43 400
15 44 98
15 44 151
15 44 358
15 45 105
15 45 88
15 45 65
15 46 55
15 46 41
15 46 72
15 47 101
15 47 98
15 47 305
15 48 54
15 48 96
15 48 65
15 49 66
15 49 115
15 49 160
15 84 15
15 50 9
15 51 6
15 51 16
15 52 7
15 52 17
15 53 9
15 54 49
15 54 16
15 55 9
15 56 16
15 57 27
15 58 16
15 60 16
15 61 28
15 85 17
15 62 4
15 63 5
15 64 45
15 65 49
15 66 28
15 66 18
15 67 13
15 68 6
15 68 31
15 69 19
15 73 8
15 73 7
15 73 12
15 74 7
15 74 14
15 96 16
15 96 11
15 75 7
15 77 10
15 79 14
15 80 5
15 81 14
15 81 56
15 86 4
15 87 16
15 88 10
15 88 5
15 88 17
15 89 19
15 90 15
15 91 13
15 92 15
15 92 7
15 93 7
15 93 5
15 94 48
15 95 13
15 97 6
15 97 13
15 97 15
15 99 8
15 99 11
15 99 54
16 17 84
16 17 15
16 17 141
16 18 52
16 18 9
16 18 136
16 19 167
16 19 131
16 19 191
16 20 123
16 20 84
16 20 276
16 21 103
16 21 87
16 21 183
16 22 98
16 22 37
16 22 213
16 23 130
16 23 43
16 23 163
16 24 175
16 24 202
16 24 94
16 25 80
16 25 73
16 25 142
16 26 86
16 26 79
16 26 169
16 27 105
16 27 66
16 27 280
16 28 97
16 28 46
16 28 127
16 29 67
16 29 42
16 29 65
16 30 85
16 30 27
16 30 46
16 31 55
16 31 21
16 31 190
16 32 134
16 32 47
16 32 151
16 33 84
16 33 45
16 33 210
16 34 78
16 34 87
16 34 244
16 35 57
16 35 43
16 35 143
16 36 102
16 36 41
16 36 221
16 37 85
16 37 74
16 37 179
16 38 69
16 38 58
16 38 181
16 39 143
16 39 162
16 39 295
16 40 101
16 40 40
16 40 170
16 41 102
16 41 86
16 41 313
16 42 179
16 42 96
16 42 249
16 43 154
16 43 87
16 43 260
16 44 75
16 44 41
16 44 285
16 45 51
16 45 68
16 45 107
16 46 61
16 46 42
16 46 191
16 47 110
16 47 25
16 47 159
16 48 60
16 48 34
16 48 120
16 49 96
16 49 64
16 49 109
16 84 8
16 50 6
16 54 5
16 57 27
16 58 10
16 60 5
16 85 13
16 64 8
16 69 6
16 71 5
16 73 11
16 74 10
16 74 7
16 96 10
16 96 7
16 75 14
16 78 10
16 79 6
16 81 11
16 81 4
16 86 5
16 87 16
16 89 48
16 91 11
16 92 5
16 93 9
16 95 14
16 97 7
16 97 10
16 98 8
17 58 16
17 58 38
17 18 73
17 18 6
17 18 203
17 19 432
17 19 109
17 19 716
17 20 116
17 20 138
17 20 114
17 21 76
17 21 17
17 21 112
17 22 119
17 22 57
17 22 371
17 38 89
17 23 300
17 23 141
17 23 709
17 24 173
17 24 78
17 24 519
17 25 115
17 25 115
17 25 380
17 26 318
17 26 143
17 26 116
17 27 89
17 27 118
17 27 124
17 28 68
17 28 27
17 28 77
17 29 17
17 29 246
17 30 77
17 30 51
17 30 265
17 31 94
17 31 63
17 31 38
17 32 140
17 32 77
17 32 306
17 33 377
17 33 187
17 33 126
17 34 329
17 34 172
17 34 526
17 35 122
17 35 57
17 35 482
17 36 86
17 36 38
17 36 122
17 37 136
17 37 103
17 37 254
17 38 111
17 38 497
17 39 149
17 39 40
17 39 259
17 40 120
17 40 39
17 40 45
17 41 115
17 41 157
17 41 121
17 42 171
17 42 87
17 42 148
17 43 122
17 43 96
17 43 137
17 44 141
17 44 124
17 44 201
17 45 113
17 45 55
17 45 230
17 46 87
17 46 32
17 46 350
17 47 335
17 47 59
17 47 303
17 48 301
17 48 152
17 48 177
17 49 127
17 49 80
17 49 578
17 84 7
17 84 174
17 50 20
17 51 8
17 51 8
17 51 166
17 52 21
17 52 19
17 52 167
17 53 20
17 54 9
17 54 165
17 55 8
17 55 12
17 56 19
17 57 7
17 57 43
17 59 15
17 59 8
17 60 166
17 61 9
17 61 28
17 85 22
17 62 8
17 63 7
17 63 5
17 64 7
17 65 16
17 66 12
17 66 168
17 67 8
17 67 9
17 68 18
17 68 166
17 69 7
17 69 49
17 70 11
17 74 8
17 74 28
17 96 30
17 96 45
17 75 14
17 75 14
17 76 8
17 76 21
17 77 8
17 78 8
17 81 16
17 81 24
17 86 20
17 86 24
17 87 8
17 87 165
17 88 5
17 88 180
17 89 10
17 90 7
17 90 165
17 91 19
17 92 9
17 93 15
17 94 27
17 95 7
17 97 5
17 97 165
17 98 16
17 98 23
17 99 16
18 19 86
18 19 23
18 19 523
18 20 63
18 20 47
18 20 250
18 21 77
18 21 38
18 21 74
18 22 87
18 22 22
18 22 168
18 23 45
18 23 31
18 23 300
18 24 46
18 24 6
18 90 4
18 25 77
18 25 22
18 25 237
18 26 58
18 26 57
18 27 74
18 27 58
18 27 95
18 28 51
18 28 53
18 28 257
18 29 35
18 29 37
18 29 178
18 30 64
18 30 41
18 31 41
18 31 36
18 31 153
18 32 48
18 32 35
18 32 231
18 33 55
18 33 6
18 33 82
18 34 150
18 34 12
18 34 441
18 35 77
18 35 21
18 35 190
18 36 53
18 36 15
18 36 41
18 37 24
18 37 169
18 38 97
18 38 54
18 38 468
18 39 72
18 39 164
18 40 54
18 40 23
18 40 53
18 41 57
18 41 12
18 41 161
18 42 87
18 42 35
18 42 202
18 43 133
18 43 102
18 44 70
18 44 8
18 44 293
18 45 52
18 45 17
18 45 38
18 46 46
18 46 65
18 47 67
18 47 42
18 47 172
18 48 23
18 48 50
18 48 32
18 49 26
18 49 15
18 49 151
18 84 17
18 50 11
18 50 6
18 51 25
18 52 4
18 52 31
18 53 18
18 54 28
18 55 4
18 55 23
18 57 5
18 58 8
18 58 26
18 59 5
18 60 12
18 61 10
18 85 6
18 62 5
18 63 32
18 63 41
18 64 3
18 64 29
18 65 4
18 65 32
18 66 37
18 67 8
18 68 10
18 68 6
18 70 8
18 71 25
18 72 16
18 73 9
18 74 43
18 96 5
18 75 36
18 76 8
18 76 24
18 77 6
18 78 12
18 79 24
18 80 12
18 81 20
18 81 55
18 87 4
18 87 12
18 88 14
18 88 64
18 88 12
18 91 5
18 91 6
18 92 10
18 92 53
18 93 12
18 95 5
18 97 15
18 97 17
18 98 54
18 99 8
19 20 123
19 20 177
19 20 270
19 21 125
19 21 104
19 21 85
19 22 167
19 22 28
19 22 229
19 23 329
19 23 91
19 23 403
19 24 324
19 24 144
19 24 22
19 25 151
19 25 114
19 25 352
19 26 169
19 26 24
19 26 107
19 27 96
19 27 51
19 27 104
19 28 63
19 28 69
19 28 182
19 29 89
19 29 52
19 29 324
19 30 100
19 30 26
19 30 88
19 31 65
19 31 71
19 31 61
19 32 136
19 32 142
19 32 353
19 33 277
19 33 114
19 33 248
19 34 276
19 34 147
19 34 560
19 35 138
19 35 138
19 35 283
19 36 123
19 36 24
19 36 97
19 37 99
19 37 112
19 37 344
19 38 140
19 38 93
19 38 427
19 39 237
19 39 43
19 39 242
19 40 138
19 40 62
19 40 68
19 41 131
19 41 73
19 41 203
19 42 290
19 42 147
19 42 128
19 43 173
19 43 75
19 43 130
19 44 164
19 44 149
19 44 389
19 45 133
19 45 51
19 45 53
19 46 68
19 46 30
19 46 52
19 47 230
19 47 40
19 47 292
19 48 190
19 48 61
19 48 233
19 49 125
19 49 162
19 49 163
19 84 7
19 50 23
19 51 6
19 52 26
19 53 39
19 53 4
19 55 9
19 57 20
19 58 23
19 58 32
19 60 5
19 62 9
19 63 42
19 66 4
19 69 39
19 72 40
19 74 22
19 96 29
19 75 28
19 77 37
19 81 8
19 81 5
19 87 11
19 87 6
19 88 11
19 90 6
19 93 6
19 94 6
19 97 11
20 24 192
20 39 37
20 21 153
20 21 143
20 21 217
20 22 123
20 22 96
20 22 135
20 23 100
20 23 206
20 23 156
20 24 92
20 24 181
20 25 143
20 25 194
20 25 631
20 26 74
20 26 168
20 26 149
20 27 59
20 27 171
20 27 279
20 28 106
20 28 69
20 28 210
20 29 71
20 29 105
20 29 213
20 30 90
20 30 34
20 30 56
20 31 77
20 31 94
20 31 101
20 32 96
20 32 105
20 32 110
20 33 127
20 33 105
20 33 111
20 34 77
20 34 206
20 34 199
20 35 50
20 35 102
20 35 179
20 36 90
20 36 76
20 36 56
20 37 55
20 37 170
20 37 187
20 38 32
20 38 163
20 38 147
20 39 182
20 39 340
20 40 115
20 40 91
20 40 68
20 41 154
20 41 260
20 41 521
20 42 124
20 42 152
20 42 328
20 43 196
20 43 103
20 43 181
20 44 109
20 44 198
20 44 250
20 45 103
20 45 68
20 45 155
20 46 66
20 46 58
20 46 53
20 47 103
20 47 120
20 47 176
20 48 89
20 48 114
20 48 340
20 49 102
20 49 91
20 49 312
20 50 13
20 51 18
20 52 9
20 53 6
20 54 41
20 56 10
20 57 25
20 58 9
20 59 6
20 60 7
20 61 32
20 85 22
20 63 41
20 64 38
20 65 64
20 66 10
20 68 7
20 69 35
20 71 6
20 72 5
20 74 21
20 96 37
20 96 36
20 75 5
20 77 22
20 79 14
20 80 20
20 81 22
20 81 53
20 86 9
20 87 7
20 89 45
20 90 7
20 91 26
20 92 9
20 93 20
20 93 29
20 95 21
20 97 29
20 99 22
21 22 65
21 22 16
21 22 73
21 23 97
21 23 14
21 23 51
21 24 67
21 24 303
21 24 192
21 25 77
21 25 43
21 25 29
21 26 80
21 26 48
21 26 180
21 27 114
21 27 58
21 27 407
21 28 138
21 28 160
21 28 106
21 29 113
21 29 16
21 29 84
21 30 71
21 30 6
21 30 27
21 31 86
21 31 18
21 31 186
21 32 132
21 32 33
21 32 155
21 33 59
21 33 87
21 33 134
21 34 120
21 34 49
21 35 87
21 35 114
21 35 160
21 36 73
21 36 55
21 36 324
21 37 57
21 37 41
21 37 415
21 38 109
21 38 114
21 38 123
21 39 115
21 39 147
21 39 217
21 40 74
21 40 17
21 40 289
21 41 123
21 41 158
21 41 351
21 42 134
21 42 69
21 42 191
21 43 164
21 43 101
21 43 475
21 44 79
21 44 113
21 44 126
21 45 80
21 45 85
21 45 52
21 46 108
21 46 75
21 46 387
21 47 115
21 47 206
21 48 69
21 48 43
21 48 112
21 49 61
21 49 27
21 49 132
21 84 17
21 50 45
21 50 11
21 51 6
21 52 17
21 53 18
21 55 18
21 55 73
21 56 22
21 57 102
21 61 5
21 61 18
21 85 4
21 85 17
21 62 5
21 63 6
21 63 30
21 65 6
21 66 36
21 67 7
21 69 6
21 71 6
21 71 46
21 72 5
21 73 5
21 73 18
21 74 54
21 96 9
21 96 5
21 75 56
21 77 7
21 77 5
21 78 4
21 79 6
21 80 7
21 80 6
21 81 16
21 87 6
21 87 4
21 88 21
21 88 61
21 88 17
21 90 6
21 92 62
21 93 14
21 93 34
21 94 6
21 94 18
21 97 74
21 98 69
21 99 4
21 99 18
22 23 50
22 23 51
22 23 575
22 24 165
22 24 82
22 24 152
22 25 102
22 25 44
22 25 130
22 26 123
22 26 96
22 26 177
22 27 80
22 27 67
22 27 153
22 28 49
22 28 68
22 28 117
22 29 42
22 29 80
22 29 87
22 30 65
22 30 30
22 30 172
22 31 47
22 31 67
22 31 135
22 32 101
22 32 31
22 32 76
22 33 113
22 33 26
22 33 157
22 34 134
22 34 214
22 34 387
22 35 101
22 35 106
22 35 72
22 36 94
22 36 26
22 36 120
22 37 87
22 37 98
22 37 125
22 38 63
22 38 56
22 38 177
22 39 141
22 39 79
22 39 123
22 40 89
22 40 59
22 40 100
22 41 94
22 41 107
22 41 172
22 42 171
22 42 101
22 42 135
22 43 173
22 43 47
22 43 119
22 44 106
22 44 106
22 44 223
22 45 163
22 45 98
22 45 117
22 46 44
22 46 17
22 46 115
22 47 80
22 47 32
22 47 219
22 48 85
22 48 58
22 48 221
22 49 42
22 49 42
22 49 189
22 84 18
22 50 11
22 51 37
22 52 6
22 52 31
22 53 33
22 54 8
22 55 4
22 56 30
22 56 89
22 57 12
22 58 6
22 59 8
22 60 4
22 61 18
22 61 90
22 85 21
22 85 92
22 63 40
22 65 50
22 66 4
22 68 5
22 69 16
22 70 38
22 71 4
22 72 3
22 73 6
22 74 15
22 74 45
22 96 32
22 96 15
22 75 5
22 76 36
22 77 49
22 79 47
22 80 51
22 86 7
22 86 95
22 87 5
22 87 26
22 88 20
22 89 10
22 89 95
22 91 60
22 92 49
22 93 48
22 94 5
22 95 4
22 97 3
22 97 92
22 98 47
22 99 14
23 24 152
23 24 160
23 24 133
23 25 143
23 25 266
23 25 462
23 26 63
23 26 215
23 26 139
23 27 98
23 27 110
23 27 159
23 28 67
23 28 38
23 28 57
23 29 177
23 29 11
23 29 269
23 30 68
23 30 23
23 30 110
23 31 38
23 31 110
23 31 62
23 32 85
23 32 126
23 32 476
23 33 219
23 33 129
23 33 306
23 34 434
23 34 208
23 34 658
23 35 45
23 35 103
23 35 310
23 36 78
23 36 101
23 36 57
23 37 78
23 37 186
23 37 61
23 38 127
23 38 183
23 38 539
23 39 164
23 39 44
23 39 141
23 40 129
23 40 123
23 40 164
23 41 44
23 41 237
23 41 155
23 42 150
23 42 200
23 42 416
23 43 55
23 43 89
23 43 89
23 44 64
23 44 198
23 44 340
23 45 62
23 45 120
23 45 55
23 46 32
23 46 46
23 46 162
23 47 151
23 47 107
23 47 122
23 48 65
23 48 138
23 48 49
23 49 102
23 49 102
23 49 173
23 50 14
23 51 21
23 51 31
23 52 11
23 52 32
23 54 21
23 54 31
23 55 51
23 56 53
23 58 32
23 59 10
23 59 50
23 60 20
23 60 83
23 61 89
23 85 9
23 85 4
23 62 48
23 65 50
23 66 85
23 66 86
23 67 4
23 68 12
23 68 32
23 69 6
23 71 49
23 73 18
23 74 20
23 74 13
23 74 55
23 96 32
23 96 5
23 75 12
23 77 11
23 78 51
23 79 13
23 81 33
23 86 46
23 87 31
23 88 17
23 89 5
23 90 30
23 91 20
23 92 12
23 92 7
23 92 66
23 93 19
23 93 24
23 94 27
23 95 8
23 95 50
23 97 42
23 97 31
23 98 45
23 99 5
23 99 28
24 68 5
24 68 45
24 69 16
24 25 89
24 25 198
24 73 14
24 25 480
24 26 173
24 26 258
24 26 220
24 27 125
24 27 78
24 27 116
24 28 81
24 28 94
24 28 85
24 29 34
24 29 44
24 29 156
24 30 45
24 30 44
24 30 87
24 31 82
24 31 61
24 32 99
24 32 73
24 32 38
24 33 155
24 33 151
24 33 230
24 34 67
24 34 135
24 34 257
24 35 116
24 35 168
24 35 83
24 36 126
24 36 154
24 36 65
24 37 98
24 37 163
24 37 113
24 38 80
24 38 147
24 39 206
24 39 223
24 39 218
24 74 8
24 40 137
24 40 81
24 41 135
24 41 324
24 41 86
24 42 237
24 42 235
24 42 254
24 43 178
24 43 177
24 43 509
24 44 118
24 44 159
24 44 327
24 45 110
24 45 202
24 45 241
24 46 77
24 46 143
24 46 456
24 47 196
24 47 97
24 47 177
24 48 231
24 48 150
24 48 90
24 49 192
24 49 95
24 49 323
24 84 11
24 84 85
24 50 11
24 51 45
24 52 22
24 52 5
24 52 46
24 54 5
24 54 44
24 55 98
24 57 103
24 60 45
24 61 36
24 85 17
24 66 22
24 66 47
24 96 23
24 96 15
24 75 10
24 76 6
24 86 5
24 87 45
24 88 88
24 90 44
24 91 20
24 93 5
24 94 11
24 97 44
24 97 44
24 99 11
24 99 19
25 26 146
25 26 210
25 26 543
25 27 160
25 27 124
25 27 170
25 28 75
25 28 33
25 28 149
25 29 55
25 29 39
25 29 240
25 30 67
25 30 30
25 30 104
25 31 61
25 31 103
25 31 41
25 32 194
25 32 134
25 32 267
25 33 111
25 33 153
25 33 164
25 34 136
25 34 243
25 34 599
25 35 100
25 35 106
25 35 178
25 36 95
25 36 126
25 36 35
25 37 88
25 84 24
25 37 165
25 37 119
25 38 59
25 38 224
25 38 378
25 39 153
25 39 101
25 39 292
25 40 242
25 40 144
25 40 74
25 41 152
25 41 254
25 41 242
25 42 155
25 42 172
25 42 455
25 43 140
25 43 133
25 43 235
25 44 105
25 44 207
25 44 598
25 45 140
25 45 114
25 45 171
25 46 74
25 46 66
25 46 121
25 47 91
25 47 101
25 47 214
25 48 80
25 48 132
25 48 56
25 49 125
25 49 111
25 49 248
25 84 11
25 50 43
25 50 18
25 52 19
25 52 9
25 54 8
25 55 16
25 58 24
25 60 8
25 61 73
25 85 9
25 85 5
25 63 9
25 66 77
25 69 7
25 72 8
25 73 8
25 74 6
25 96 32
25 96 6
25 75 10
25 76 55
25 76 19
25 79 16
25 81 11
25 86 7
25 86 36
25 88 22
25 88 26
25 89 64
25 91 8
25 92 11
25 93 8
25 94 26
25 95 10
25 97 23
25 98 6
25 98 12
25 98 34
25 99 6
25 99 28
26 27 129
26 27 126
26 27 157
26 28 140
26 28 27
26 28 160
26 29 5
26 29 25
26 29 149
26 30 89
26 30 31
26 30 50
26 31 62
26 31 126
26 31 199
26 32 90
26 32 136
26 32 214
26 33 81
26 33 166
26 33 225
26 34 94
26 34 170
26 34 108
26 35 150
26 35 155
26 35 212
26 36 150
26 36 160
26 36 91
26 37 80
26 37 191
26 37 127
26 38 103
26 38 171
26 38 625
26 39 131
26 39 86
26 39 96
26 40 96
26 40 109
26 40 62
26 41 234
26 41 298
26 41 407
26 42 102
26 42 177
26 42 386
26 43 212
26 43 131
26 43 608
26 44 61
26 44 183
26 44 176
26 45 76
26 45 203
26 45 357
26 46 50
26 46 44
26 46 212
26 47 102
26 47 156
26 47 184
26 48 161
26 48 155
26 48 86
26 49 48
26 49 42
26 49 179
26 84 20
26 50 6
26 52 3
26 53 17
26 55 109
26 57 14
26 58 20
26 58 6
26 59 4
26 61 158
26 85 51
26 85 11
26 65 9
26 66 17
26 66 101
26 67 18
26 68 9
26 68 19
26 69 3
26 69 13
26 70 18
26 72 17
26 73 19
26 73 17
26 74 8
26 96 5
26 96 11
26 75 5
26 77 17
26 77 9
26 78 26
26 79 17
26 79 7
26 80 8
26 88 66
26 88 22
26 89 38
26 91 28
26 93 15
26 94 5
26 95 17
26 95 8
26 99 15
27 28 87
27 28 103
27 28 250
27 29 79
27 29 114
27 29 169
27 30 62
27 30 12
27 30 40
27 31 126
27 31 64
27 31 392
27 32 162
27 32 96
27 32 272
27 33 185
27 33 78
27 33 202
27 34 165
27 34 125
27 34 425
27 35 76
27 35 71
27 35 265
27 36 166
27 36 53
27 36 378
27 37 110
27 37 313
27 37 359
27 38 93
27 38 111
27 38 343
27 39 174
27 39 7
27 39 294
27 40 187
27 40 75
27 40 365
27 41 103
27 41 143
27 41 439
27 42 142
27 42 130
27 42 282
27 43 260
27 43 89
27 43 227
27 44 86
27 44 122
27 44 133
27 45 77
27 45 74
27 45 62
27 46 57
27 46 19
27 46 243
27 47 124
27 47 135
27 47 293
27 48 99
27 48 84
27 48 89
27 49 50
27 49 37
27 49 132
27 50 16
27 51 22
27 52 22
27 53 20
27 54 65
27 55 13
27 56 12
27 56 19
27 57 5
27 60 4
27 61 40
27 61 54
27 85 25
27 63 26
27 64 5
27 64 87
27 65 97
27 66 17
27 69 18
27 70 24
27 71 5
27 73 13
27 74 8
27 74 35
27 96 18
27 76 23
27 77 31
27 79 40
27 80 30
27 81 88
27 86 4
27 87 21
27 88 102
27 89 4
27 91 39
27 92 31
27 93 47
27 93 25
27 93 19
27 94 7
27 95 11
27 97 11
27 97 4
27 98 13
27 98 33
27 99 24
28 44 106
28 29 66
28 29 40
28 29 196
28 30 83
28 30 20
28 30 34
28 31 104
28 31 49
28 31 174
28 32 101
28 32 70
28 32 79
28 33 115
28 33 134
28 33 41
28 34 135
28 34 109
28 34 125
28 35 55
28 35 92
28 35 143
28 36 38
28 36 21
28 36 163
28 37 54
28 37 121
28 37 247
28 38 108
28 38 106
28 38 123
28 39 82
28 39 38
28 39 135
28 40 84
28 40 40
28 40 186
28 41 92
28 41 25
28 41 257
28 42 109
28 42 84
28 42 366
28 43 79
28 43 34
28 43 283
28 44 43
28 44 72
28 45 85
28 45 51
28 45 211
28 46 83
28 46 12
28 46 53
28 47 102
28 47 45
28 47 170
28 48 63
28 48 29
28 48 65
28 49 79
28 49 23
28 49 194
28 50 18
28 50 17
28 51 22
28 52 70
28 53 43
28 54 27
28 55 5
28 55 53
28 56 19
28 57 6
28 58 5
28 59 4
28 60 5
28 63 61
28 64 5
28 65 57
28 66 41
28 67 4
28 69 49
28 69 28
28 70 24
28 71 4
28 71 51
28 72 4
28 73 4
28 73 4
28 74 81
28 96 59
28 96 34
28 75 72
28 76 22
28 77 36
28 79 34
28 80 34
28 86 49
28 88 62
28 88 68
28 88 93
28 91 39
28 92 96
28 93 25
28 93 28
28 95 4
28 97 4
28 98 110
29 30 39
29 30 6
29 30 254
29 31 42
29 31 44
29 31 150
29 32 105
29 32 39
29 32 206
29 33 141
29 33 26
29 33 256
29 34 354
29 34 134
29 34 100
29 35 87
29 35 83
29 35 153
29 36 111
29 36 29
29 36 234
29 37 48
29 37 162
29 37 393
29 38 216
29 38 79
29 38 314
29 39 79
29 39 5
29 39 253
29 40 60
29 40 63
29 40 66
29 41 37
29 41 78
29 41 193
29 42 132
29 42 84
29 42 311
29 43 69
29 43 36
29 43 184
29 44 78
29 44 72
29 44 103
29 91 45
29 45 53
29 45 42
29 45 159
29 46 31
29 46 29
29 46 265
29 47 57
29 47 16
29 47 99
29 48 35
29 48 75
29 49 39
29 49 39
29 49 247
29 84 28
29 84 25
29 50 8
29 50 23
29 51 44
29 52 50
29 53 30
29 54 10
29 55 21
29 56 15
29 57 5
29 59 5
29 60 8
29 60 27
29 61 52
29 61 5
29 85 4
29 62 52
29 62 4
29 63 46
29 65 27
29 66 24
29 68 7
29 69 5
29 69 37
29 70 18
29 71 8
29 71 5
29 72 53
29 72 23
29 74 10
29 74 34
29 96 7
29 96 20
29 76 36
29 76 25
29 77 32
29 79 56
29 80 34
29 81 20
29 86 13
29 87 9
29 88 25
29 88 91
29 89 11
29 90 9
29 92 49
29 93 52
29 93 23
29 93 9
29 94 6
29 94 21
29 95 23
29 97 44
29 98 48
29 99 4
29 99 22
30 31 21
30 31 38
30 31 182
30 32 48
30 32 16
30 32 109
30 33 68
30 33 14
30 33 89
30 34 38
30 34 38
30 35 62
30 35 23
30 35 46
30 36 107
30 36 28
30 36 285
30 37 24
30 37 68
30 37 203
30 38 37
30 38 42
30 38 163
30 39 83
30 39 34
30 39 77
30 40 65
30 40 32
30 40 46
30 41 74
30 41 23
30 41 58
30 42 99
30 42 31
30 42 106
30 43 109
30 43 119
30 44 77
30 44 24
30 44 46
30 45 47
30 45 28
30 45 46
30 46 42
30 46 19
30 46 140
30 47 94
30 47 41
30 47 44
30 48 23
30 48 18
30 48 43
30 49 26
30 49 33
30 49 118
30 84 19
30 84 61
30 50 14
30 51 7
30 51 40
30 52 39
30 53 5
30 54 9
30 54 38
30 56 75
30 57 5
30 58 24
30 59 6
30 60 4
30 61 4
30 61 13
30 85 4
30 85 8
30 85 66
30 63 10
30 64 13
30 65 10
30 66 20
30 67 64
30 68 12
30 69 4
30 69 6
30 69 86
30 70 76
30 71 41
30 73 13
30 74 11
30 96 29
30 96 5
30 96 89
30 75 5
30 75 14
30 76 13
30 76 45
30 77 20
30 78 7
30 80 4
30 81 16
30 81 6
30 81 53
30 86 4
30 86 4
30 86 99
30 88 12
30 88 15
30 89 63
30 92 12
30 93 14
30 93 4
30 93 39
30 95 10
30 97 10
30 97 67
30 98 5
30 98 22
30 99 12
30 99 41
31 32 109
31 32 57
31 32 219
31 33 66
31 33 66
31 33 150
31 34 88
31 34 66
31 34 117
31 35 49
31 35 75
31 35 79
31 36 99
31 36 43
31 36 253
31 37 73
31 37 122
31 37 268
31 38 33
31 38 70
31 38 730
31 39 141
31 39 37
31 39 148
31 40 86
31 40 63
31 40 158
31 41 80
31 41 160
31 41 310
31 42 71
31 42 108
31 42 139
31 43 125
31 43 25
31 43 170
31 44 45
31 44 76
31 44 51
31 45 64
31 45 55
31 45 131
31 46 75
31 46 40
31 46 229
31 47 81
31 47 46
31 47 108
31 48 48
31 48 94
31 48 30
31 49 33
31 49 32
31 49 74
31 84 16
31 50 12
31 50 11
31 51 7
31 51 37
31 52 8
31 53 10
31 55 5
31 57 5
31 58 23
31 59 6
31 61 20
31 85 9
31 63 5
31 64 5
31 64 6
31 65 5
31 66 16
31 67 15
31 68 16
31 69 14
31 73 14
31 74 4
31 96 9
31 96 9
31 75 5
31 75 22
31 81 5
31 87 81
31 88 4
31 88 101
31 89 61
31 93 6
31 93 17
31 97 5
31 99 9
32 55 12
32 57 9
32 54 16
32 58 7
32 55 43
32 33 143
32 33 94
32 33 42
32 34 173
32 34 145
32 34 426
32 35 70
32 35 97
32 35 223
32 36 86
32 36 51
32 36 140
32 37 100
32 37 74
32 37 257
32 38 218
32 38 149
32 38 876
32 39 134
32 39 145
32 40 130
32 40 67
32 40 113
32 41 89
32 41 171
32 41 174
32 42 190
32 42 115
32 42 243
32 43 144
32 43 43
32 43 252
32 44 46
32 44 106
32 44 209
32 45 79
32 45 37
32 45 239
32 46 74
32 46 22
32 46 197
32 47 72
32 47 49
32 47 344
32 48 33
32 48 62
32 48 25
32 49 55
32 49 75
32 49 109
32 50 11
32 51 53
32 52 12
32 53 13
32 60 16
32 60 41
32 61 27
32 85 6
32 63 28
32 63 20
32 65 7
32 66 53
32 69 10
32 71 38
32 73 5
32 74 8
32 74 32
32 96 10
32 75 33
32 80 7
32 81 8
32 86 8
32 86 69
32 88 41
32 89 14
32 92 52
32 94 4
32 95 16
32 97 8
32 97 42
32 98 12
32 98 47
32 98 67
33 34 353
33 34 283
33 34 1537
33 35 102
33 35 122
33 35 54
33 36 114
33 36 56
33 36 124
33 37 79
33 37 164
33 37 258
33 38 244
33 38 144
33 38 582
33 39 159
33 39 67
33 39 214
33 40 113
33 40 116
33 40 243
33 41 136
33 41 181
33 41 158
33 42 167
33 42 111
33 42 273
33 43 220
33 43 76
33 43 470
33 44 151
33 44 115
33 44 163
33 45 137
33 45 49
33 45 76
33 46 49
33 46 35
33 46 186
33 47 156
33 47 94
33 47 34
33 48 86
33 48 105
33 48 114
33 49 111
33 49 191
33 49 43
33 50 10
33 51 7
33 52 8
33 53 5
33 55 30
33 55 99
33 57 24
33 58 16
33 61 46
33 63 5
33 64 22
33 65 5
33 66 47
33 74 10
33 96 22
33 75 4
33 81 5
33 87 31
33 88 4
33 93 8
33 94 55
33 97 15
33 98 30
33 99 63
34 35 143
34 35 131
34 35 440
34 36 115
34 36 61
34 37 62
34 37 261
34 37 663
34 38 465
34 38 230
34 38 1375
34 39 108
34 39 190
34 39 284
34 40 92
34 40 196
34 40 422
34 41 52
34 41 262
34 41 116
34 42 171
34 42 163
34 42 323
34 43 178
34 43 101
34 43 122
34 44 172
34 44 348
34 44 605
34 45 201
34 45 68
34 45 230
34 46 59
34 46 44
34 46 145
34 47 281
34 47 102
34 47 194
34 48 97
34 48 138
34 48 547
34 49 58
34 49 140
34 49 274
34 84 191
34 50 31
34 50 15
34 52 22
34 58 24
34 60 52
34 61 22
34 61 37
34 85 18
34 62 21
34 66 19
34 68 24
34 69 20
34 71 51
34 72 22
34 74 20
34 74 10
34 96 54
34 96 19
34 75 17
34 75 14
34 79 10
34 81 24
34 88 28
34 88 103
34 92 24
34 93 22
34 94 188
34 97 24
34 99 18
35 91 43
35 92 13
35 36 76
35 36 60
35 36 65
35 37 41
35 37 167
35 37 172
35 38 145
35 38 120
35 38 415
35 39 104
35 39 28
35 39 161
35 40 76
35 40 89
35 40 58
35 41 122
35 41 189
35 41 260
35 42 132
35 42 143
35 42 200
35 43 130
35 43 71
35 43 257
35 44 103
35 44 141
35 44 226
35 45 79
35 45 58
35 45 142
35 46 47
35 46 9
35 46 66
35 47 102
35 47 57
35 47 230
35 48 47
35 48 57
35 48 37
35 49 25
35 49 72
35 49 207
35 50 10
35 50 7
35 51 24
35 51 14
35 52 5
35 52 24
35 52 15
35 53 6
35 53 22
35 54 13
35 56 22
35 57 21
35 58 8
35 58 5
35 58 38
35 59 3
35 60 14
35 61 16
35 85 7
35 85 7
35 63 28
35 64 5
35 65 31
35 66 6
35 66 9
35 66 16
35 68 14
35 69 8
35 70 35
35 72 6
35 73 12
35 73 5
35 74 32
35 96 6
35 96 7
35 75 6
35 76 26
35 77 6
35 77 35
35 78 4
35 79 6
35 79 38
35 80 33
35 87 13
35 89 5
35 90 13
35 92 30
35 93 29
35 93 101
35 94 4
35 95 5
35 97 19
35 97 13
35 98 37
35 99 12
35 99 7
36 37 107
36 37 154
36 37 476
36 38 81
36 38 134
36 38 170
36 39 189
36 39 57
36 39 132
36 40 202
36 40 104
36 40 364
36 41 141
36 41 168
36 41 240
36 42 146
36 42 71
36 42 106
36 43 238
36 43 59
36 43 279
36 44 89
36 44 90
36 44 128
36 45 58
36 45 45
36 45 127
36 46 67
36 46 35
36 46 343
36 47 97
36 47 58
36 47 177
36 48 86
36 48 59
36 48 82
36 49 31
36 49 39
36 49 106
36 52 4
36 55 16
36 57 16
36 57 5
36 58 7
36 61 5
36 61 17
36 85 12
36 85 14
36 62 4
36 66 18
36 69 7
36 72 5
36 74 19
36 74 7
36 96 5
36 96 5
36 79 7
36 80 7
36 80 5
36 88 12
36 93 26
36 94 4
36 99 5
37 38 21
37 38 197
37 38 340
37 39 208
37 39 55
37 39 335
37 40 194
37 40 133
37 40 424
37 41 107
37 41 172
37 41 320
37 42 146
37 42 164
37 42 135
37 43 122
37 43 61
37 43 302
37 44 76
37 44 161
37 44 106
37 45 44
37 45 127
37 45 139
37 46 76
37 46 49
37 46 347
37 47 64
37 47 97
37 47 487
37 48 64
37 48 115
37 48 71
37 49 57
37 49 85
37 49 287
37 84 38
37 50 17
37 51 26
37 52 14
37 52 19
37 53 30
37 54 13
37 55 32
37 56 42
37 57 24
37 60 19
37 61 76
37 85 53
37 62 5
37 63 49
37 65 22
37 66 37
37 67 37
37 68 6
37 69 7
37 69 40
37 70 41
37 71 18
37 73 20
37 74 11
37 74 30
37 96 24
37 96 32
37 75 16
37 76 19
37 76 25
37 77 49
37 79 36
37 80 30
37 86 11
37 88 40
37 89 6
37 91 38
37 92 27
37 93 13
37 93 31
37 93 58
37 94 6
37 95 27
37 97 13
37 98 27
37 99 32
38 39 35
38 39 26
38 39 140
38 40 33
38 40 91
38 40 304
38 41 26
38 41 200
38 41 340
38 42 126
38 42 144
38 42 403
38 43 146
38 43 52
38 43 293
38 44 98
38 44 190
38 44 384
38 45 148
38 45 87
38 45 636
38 46 28
38 46 60
38 46 245
38 47 154
38 47 40
38 47 262
38 48 24
38 48 102
38 48 168
38 49 22
38 49 197
38 49 228
38 84 34
38 50 64
38 50 5
38 51 14
38 52 12
38 52 38
38 53 29
38 55 12
38 55 17
38 56 21
38 58 13
38 60 11
38 61 24
38 61 52
38 85 32
38 62 24
38 63 23
38 63 31
38 64 11
38 65 12
38 66 56
38 67 24
38 68 4
38 69 49
38 71 43
38 72 24
38 72 5
38 74 63
38 96 50
38 75 13
38 75 55
38 76 15
38 77 23
38 79 13
38 80 23
38 81 37
38 87 23
38 87 11
38 87 93
38 88 64
38 90 23
38 90 11
38 91 13
38 91 4
38 92 66
38 93 24
38 93 31
38 94 31
38 95 11
38 97 15
38 97 11
38 98 73
38 99 36
39 40 211
39 40 52
39 40 213
39 41 197
39 41 144
39 41 323
39 42 227
39 42 83
39 42 276
39 43 253
39 43 151
39 43 370
39 44 172
39 44 54
39 44 229
39 45 96
39 45 127
39 45 107
39 46 162
39 46 66
39 46 167
39 47 123
39 47 39
39 47 219
39 48 164
39 48 80
39 48 208
39 49 101
39 49 41
39 49 281
39 84 40
39 50 30
39 50 18
39 51 19
39 52 24
39 52 5
39 53 19
39 54 6
39 55 10
39 57 66
39 58 20
39 60 4
39 61 9
39 62 5
39 63 16
39 64 10
39 65 10
39 66 10
39 68 12
39 74 11
39 74 13
39 96 25
39 75 19
39 79 7
39 80 6
39 81 11
39 81 10
39 86 5
39 88 14
39 88 42
39 89 7
39 91 6
39 92 15
39 92 7
39 93 27
39 93 9
39 93 44
39 94 7
39 95 8
39 95 11
39 97 20
39 98 4
39 99 4
40 41 131
40 41 172
40 41 175
40 42 179
40 42 89
40 42 193
40 43 213
40 43 109
40 43 218
40 44 99
40 44 139
40 44 118
40 45 79
40 45 46
40 45 229
40 46 75
40 46 22
40 46 243
40 47 112
40 47 54
40 47 90
40 48 116
40 48 61
40 48 106
40 49 78
40 49 60
40 49 90
40 84 8
40 50 10
40 51 30
40 52 14
40 52 17
40 53 26
40 55 7
40 55 13
40 56 33
40 57 7
40 57 23
40 58 30
40 60 12
40 61 33
40 85 15
40 63 45
40 64 12
40 65 30
40 66 27
40 67 16
40 68 8
40 69 34
40 70 31
40 71 11
40 73 23
40 74 6
40 74 34
40 96 15
40 76 13
40 77 38
40 79 32
40 80 20
40 81 11
40 86 16
40 87 12
40 88 10
40 91 28
40 92 24
40 93 14
40 93 14
40 95 14
40 97 23
40 98 23
41 79 21
41 79 11
41 42 97
41 42 199
41 42 292
41 43 196
41 43 350
41 43 321
41 44 79
41 44 267
41 44 150
41 45 54
41 45 175
41 45 185
41 46 95
41 46 68
41 46 202
41 47 74
41 47 164
41 47 291
41 48 151
41 48 182
41 48 90
41 49 74
41 49 72
41 49 234
41 50 17
41 51 21
41 52 7
41 53 21
41 53 5
41 54 11
41 57 47
41 58 23
41 58 25
41 59 11
41 61 117
41 85 31
41 85 15
41 63 5
41 64 6
41 65 30
41 66 20
41 66 101
41 68 13
41 69 17
41 71 12
41 72 20
41 72 22
41 73 18
41 73 8
41 74 23
41 96 8
41 96 16
41 77 20
41 77 25
41 80 23
41 81 6
41 86 43
41 86 15
41 87 26
41 88 4
41 89 47
41 91 38
41 92 15
41 93 5
41 93 38
41 95 20
41 95 11
41 97 22
41 99 15
42 43 205
42 43 94
42 43 611
42 44 117
42 44 154
42 44 298
42 45 131
42 45 100
42 45 241
42 46 72
42 46 33
42 46 213
42 47 179
42 47 62
42 47 151
42 48 151
42 48 94
42 48 97
42 49 136
42 49 130
42 49 241
42 50 6
42 51 15
42 52 15
42 52 16
42 53 14
42 54 13
42 55 62
42 56 11
42 56 11
42 57 5
42 58 29
42 61 43
42 85 20
42 63 18
42 65 12
42 65 23
42 66 24
42 69 28
42 70 13
42 73 13
42 74 17
42 74 46
42 96 16
42 96 20
42 75 5
42 76 12
42 77 43
42 79 13
42 79 51
42 80 24
42 89 29
42 91 49
42 92 27
42 93 13
42 95 19
42 98 21
42 99 20
43 44 197
43 44 113
43 44 312
43 45 107
43 45 84
43 45 264
43 46 125
43 46 41
43 46 434
43 47 131
43 47 47
43 47 259
43 48 156
43 48 92
43 48 127
43 49 57
43 49 67
43 49 156
43 51 21
43 52 21
43 53 19
43 55 196
43 56 11
43 56 18
43 57 24
43 58 16
43 58 7
43 61 12
43 63 24
43 65 26
43 66 13
43 67 10
43 70 22
43 73 5
43 74 9
43 74 32
43 96 8
43 76 29
43 77 39
43 79 39
43 80 28
43 87 6
43 87 31
43 91 44
43 92 30
43 93 55
43 93 23
43 93 23
43 94 6
43 94 57
43 95 6
43 97 31
43 98 32
43 99 14
43 99 65
44 45 62
44 45 108
44 45 181
44 46 111
44 46 31
44 46 346
44 47 101
44 47 96
44 47 278
44 48 131
44 48 111
44 48 135
44 49 55
44 49 72
44 49 111
44 50 6
44 51 21
44 52 14
44 52 21
44 53 19
44 56 17
44 57 8
44 58 25
44 60 12
44 61 55
44 85 12
44 62 5
44 62 9
44 63 23
44 65 5
44 65 29
44 66 42
44 67 7
44 67 15
44 69 15
44 69 14
44 69 28
44 70 19
44 71 16
44 74 35
44 96 38
44 96 13
44 75 8
44 75 5
44 76 18
44 76 33
44 77 33
44 78 6
44 79 40
44 80 6
44 80 30
44 81 7
44 88 14
44 89 29
44 91 41
44 92 20
44 93 6
44 93 19
44 95 5
44 97 6
44 98 27
44 99 13
45 46 50
45 46 32
45 46 164
45 47 89
45 47 33
45 47 75
45 48 57
45 48 60
45 48 56
45 49 88
45 49 42
45 49 172
45 84 26
45 50 44
45 50 12
45 51 3
45 51 25
45 52 7
45 52 31
45 53 4
45 53 30
45 54 3
45 55 4
45 55 10
45 56 15
45 57 10
45 59 4
45 59 15
45 61 10
45 85 5
45 62 4
45 63 39
45 63 17
45 65 4
45 65 26
45 66 27
45 67 11
45 68 5
45 68 12
45 69 4
45 69 7
45 70 17
45 71 29
45 72 3
45 73 10
45 73 10
45 74 60
45 96 14
45 96 6
45 75 35
45 76 51
45 76 23
45 77 30
45 79 8
45 79 32
45 80 27
45 86 7
45 87 3
45 88 35
45 88 30
45 89 57
45 89 4
45 90 3
45 91 48
45 92 63
45 93 3
45 93 17
45 95 4
45 97 3
45 97 30
45 98 66
45 99 5
46 47 89
46 47 159
46 48 74
46 48 22
46 48 99
46 49 50
46 49 26
46 49 206
46 84 49
46 50 7
46 50 6
46 51 8
46 52 6
46 53 6
46 54 4
46 55 4
46 55 13
46 55 56
46 57 20
46 58 17
46 61 12
46 85 5
46 85 5
46 63 6
46 64 7
46 65 7
46 69 7
46 71 5
46 74 9
46 96 7
46 96 6
46 76 5
46 78 5
46 80 9
46 80 12
46 81 7
46 86 4
46 88 5
46 88 51
46 92 11
46 93 4
46 93 4
46 97 11
46 98 4
46 99 5
47 48 108
47 48 95
47 48 63
47 49 76
47 49 31
47 49 212
47 84 15
47 50 13
47 50 11
47 52 12
47 54 37
47 56 20
47 61 18
47 64 32
47 65 64
47 66 19
47 74 9
47 74 19
47 96 21
47 75 6
47 75 10
47 77 20
47 79 19
47 80 9
47 80 19
47 81 8
47 81 59
47 88 6
47 88 17
47 89 43
47 91 22
47 93 7
47 93 90
47 95 19
48 49 58
48 49 42
48 49 360
48 84 13
48 84 42
48 50 17
48 52 9
48 52 11
48 53 5
48 55 22
48 57 12
48 58 28
48 59 20
48 60 10
48 61 31
48 85 4
48 63 39
48 64 54
48 66 44
48 69 6
48 69 6
48 70 6
48 72 10
48 74 9
48 96 18
48 96 5
48 75 8
48 76 11
48 79 21
48 81 12
48 86 36
48 88 18
48 88 18
48 91 24
48 92 13
48 93 6
48 93 6
48 94 24
48 97 16
48 98 13
48 99 53
49 84 80
49 50 41
49 50 14
49 51 10
49 51 8
49 51 42
49 52 43
49 54 10
49 54 6
49 54 41
49 55 6
49 57 7
49 57 14
49 58 6
49 58 12
49 59 13
49 59 6
49 60 26
49 60 42
49 61 16
49 85 16
49 62 19
49 64 6
49 64 86
49 65 6
49 66 8
49 66 5
49 66 44
49 68 8
49 68 42
49 69 6
49 69 12
49 71 14
49 71 6
49 72 6
49 73 5
49 74 12
49 96 11
49 75 6
49 76 60
49 77 7
49 79 5
49 80 6
49 86 9
49 87 30
49 87 61
49 88 7
49 88 106
49 89 69
49 89 6
49 90 41
49 91 8
49 92 9
49 93 23
49 95 5
49 97 10
49 97 35
49 97 41
49 99 11
50 51 2
50 51 13
50 51 21
50 52 14
50 52 12
50 52 24
50 53 15
50 53 10
50 53 48
50 54 15
50 54 24
50 54 19
50 55 6
50 55 4
50 55 13
50 56 18
50 56 34
50 57 43
50 57 16
50 57 64
50 58 10
50 58 21
50 59 5
50 59 15
50 59 17
50 60 9
50 60 10
50 60 15
50 61 41
50 85 3
50 85 21
50 85 20
50 62 2
50 62 18
50 62 25
50 63 3
50 63 27
50 63 64
50 64 9
50 64 15
50 64 23
50 65 19
50 65 30
50 65 19
50 66 12
50 66 11
50 66 27
50 67 4
50 67 5
50 67 9
50 68 13
50 68 35
50 68 13
50 69 20
50 69 14
50 69 29
50 70 10
50 71 15
50 71 13
50 71 26
50 72 14
50 72 17
50 72 26
50 73 10
50 73 7
50 73 8
50 74 21
50 74 5
50 74 40
50 96 8
50 96 10
50 96 20
50 75 27
50 75 18
50 75 17
50 76 47
50 76 12
50 76 57
50 77 14
50 77 56
50 77 13
50 78 5
50 78 6
50 78 17
50 79 18
50 79 21
50 79 24
50 80 23
50 80 70
50 80 75
50 81 43
50 81 22
50 81 30
50 86 3
50 86 8
50 86 18
50 87 6
50 87 26
50 87 24
50 88 16
50 88 66
50 89 52
50 89 18
50 89 93
50 90 38
50 90 17
50 90 23
50 91 9
50 91 19
50 91 64
50 92 11
50 92 20
50 92 34
50 93 16
50 93 77
50 94 34
50 94 26
50 95 6
50 97 3
50 97 26
50 97 24
50 98 6
50 98 21
50 98 23
50 99 3
50 99 27
50 99 21
51 70 21
51 52 12
51 52 80
51 52 131
51 53 13
51 53 80
51 53 58
51 54 16
51 54 39
51 69 64
51 54 106
51 55 13
51 55 22
51 55 48
51 56 4
51 56 97
51 56 79
51 57 21
51 57 29
51 57 52
51 58 6
51 58 26
51 59 9
51 59 36
51 59 61
51 60 6
51 60 67
51 60 90
51 61 25
51 61 5
51 61 20
51 85 13
51 85 48
51 85 52
51 62 17
51 62 61
51 62 74
51 63 9
51 63 68
51 63 53
51 64 46
51 64 18
51 65 13
51 65 52
51 65 77
51 66 7
51 66 16
51 66 71
51 67 7
51 67 20
51 67 77
51 68 10
51 68 52
51 68 45
51 69 6
51 69 47
51 70 10
51 70 138
51 71 6
51 71 39
51 71 63
51 72 11
51 72 34
51 72 45
51 73 13
51 73 69
51 74 15
51 74 44
51 74 61
51 96 5
51 96 28
51 96 73
51 75 6
51 75 32
51 75 59
51 76 22
51 76 20
51 76 58
51 77 11
51 77 30
51 77 27
51 78 7
51 78 53
51 78 32
51 79 27
51 79 71
51 79 69
51 80 6
51 80 58
51 80 41
51 81 13
51 81 44
51 81 73
51 86 59
51 86 39
51 87 13
51 87 68
51 87 43
51 88 33
51 89 5
51 89 24
51 89 202
51 90 12
51 90 67
51 90 63
51 91 8
51 91 52
51 91 65
51 92 16
51 92 34
51 92 71
51 93 9
51 93 39
51 93 72
51 94 13
51 94 60
51 94 17
51 95 24
51 95 72
51 95 19
51 97 33
51 97 50
51 97 236
51 98 10
51 98 64
51 98 53
51 99 3
51 99 5
51 99 33
52 53 12
52 53 82
52 53 111
52 54 7
52 54 31
52 54 60
52 55 14
52 55 45
52 55 35
52 56 4
52 56 86
52 56 19
52 57 8
52 57 28
52 57 11
52 58 9
52 58 17
52 59 25
52 59 69
52 60 10
52 60 84
52 60 69
52 61 4
52 61 17
52 61 13
52 85 6
52 85 56
52 85 48
52 62 8
52 62 78
52 62 65
52 63 10
52 63 90
52 63 47
52 64 44
52 64 12
52 65 8
52 65 36
52 65 49
52 66 8
52 66 40
52 66 54
52 67 4
52 67 15
52 67 81
52 68 10
52 68 74
52 68 47
52 69 13
52 69 52
52 69 31
52 70 4
52 70 30
52 70 93
52 71 13
52 71 65
52 71 52
52 72 17
52 72 66
52 72 85
52 73 4
52 73 56
52 74 14
52 74 74
52 74 65
52 96 19
52 96 30
52 96 47
52 75 9
52 75 93
52 75 62
52 76 3
52 76 30
52 76 46
52 77 6
52 77 32
52 77 57
52 78 7
52 78 67
52 78 15
52 79 40
52 79 105
52 79 102
52 80 18
52 80 76
52 80 74
52 81 13
52 81 64
52 81 67
52 86 3
52 86 26
52 86 32
52 87 99
52 87 42
52 88 66
52 89 5
52 89 8
52 89 98
52 90 105
52 90 52
52 91 22
52 91 60
52 91 149
52 92 6
52 92 88
52 92 13
52 93 2
52 93 27
52 93 29
52 94 50
52 94 10
52 95 13
52 95 69
52 95 20
52 97 8
52 97 45
52 97 96
52 98 127
52 98 11
52 99 24
52 99 25
53 99 6
53 99 19
53 64 43
53 54 13
53 54 32
53 54 35
53 55 7
53 55 63
53 55 51
53 56 4
53 56 93
53 57 25
53 57 42
53 58 34
53 58 45
53 59 32
53 59 38
53 60 7
53 60 73
53 60 38
53 61 9
53 61 21
53 85 3
53 85 57
53 85 13
53 62 23
53 62 84
53 62 34
53 63 6
53 63 108
53 63 52
53 64 50
53 65 16
53 65 48
53 65 36
53 66 11
53 66 65
53 66 45
53 67 10
53 67 12
53 67 20
53 68 13
53 68 62
53 68 30
53 69 12
53 69 58
53 69 57
53 70 12
53 70 18
53 70 37
53 71 22
53 71 50
53 71 18
53 72 21
53 72 50
53 72 74
53 73 74
53 73 21
53 74 15
53 74 62
53 74 73
53 96 11
53 96 38
53 96 53
53 75 6
53 75 102
53 75 52
53 76 43
53 76 69
53 77 32
53 77 54
53 77 36
53 78 12
53 78 57
53 78 14
53 79 42
53 98 52
53 79 98
53 79 62
53 80 13
53 80 74
53 80 70
53 81 24
53 81 73
53 81 56
53 86 16
53 86 40
53 86 63
53 87 12
53 87 79
53 87 21
53 88 48
53 88 12
53 89 2
53 89 36
53 89 50
53 90 12
53 90 78
53 90 21
53 91 22
53 91 72
53 91 103
53 92 18
53 92 77
53 92 77
53 93 5
53 93 53
53 93 66
53 94 54
53 94 18
53 95 24
53 95 71
53 95 19
53 97 13
53 97 22
53 97 40
53 98 3
53 98 110
53 99 3
54 55 27
54 55 44
54 56 72
54 56 53
54 57 17
54 57 24
54 57 76
54 58 4
54 58 7
54 59 7
54 59 30
54 59 60
54 60 6
54 60 35
54 60 72
54 61 3
54 61 18
54 85 3
54 85 44
54 85 69
54 62 2
54 62 41
54 62 17
54 63 11
54 63 38
54 63 49
54 64 16
54 64 47
54 64 16
54 65 65
54 65 111
54 65 284
54 66 3
54 66 11
54 66 51
54 67 3
54 67 4
54 67 44
54 68 12
54 68 41
54 68 52
54 69 29
54 69 64
54 70 79
54 71 9
54 71 29
54 71 92
54 72 3
54 72 32
54 72 44
54 73 11
54 73 32
54 74 16
54 74 16
54 74 42
54 96 4
54 96 28
54 96 51
54 75 3
54 75 27
54 75 71
54 76 11
54 76 20
54 76 54
54 77 4
54 77 15
54 77 42
54 78 20
54 78 42
54 78 24
54 79 29
54 79 39
54 79 62
54 80 3
54 80 40
54 80 37
54 81 9
54 81 74
54 81 45
54 86 9
54 86 36
54 86 36
54 87 3
54 87 34
54 87 26
54 89 3
54 89 23
54 89 86
54 90 3
54 90 32
54 90 50
54 91 9
54 91 29
54 91 68
54 92 9
54 92 19
54 92 74
54 93 38
54 93 73
54 94 18
54 94 48
54 94 27
54 95 6
54 95 47
54 95 17
54 97 4
54 97 28
54 97 70
54 98 13
54 98 28
54 98 75
54 99 3
54 99 46
55 56 19
55 56 27
55 57 6
55 57 11
55 57 39
55 58 10
55 58 21
55 59 9
55 59 32
55 59 66
55 60 13
55 60 51
55 60 167
55 61 17
55 61 19
55 61 12
55 85 8
55 85 15
55 85 10
55 62 2
55 62 16
55 62 20
55 63 64
55 63 50
55 64 3
55 64 35
55 65 2
55 65 31
55 65 56
55 66 8
55 66 50
55 66 76
55 67 30
55 68 11
55 68 25
55 68 55
55 69 10
55 69 16
55 70 3
55 70 18
55 71 6
55 71 22
55 71 42
55 72 13
55 72 13
55 72 33
55 73 13
55 73 36
55 73 28
55 74 11
55 74 44
55 74 128
55 96 15
55 96 17
55 75 29
55 75 56
55 76 8
55 76 22
55 76 37
55 77 7
55 77 32
55 77 22
55 78 2
55 78 5
55 78 10
55 79 9
55 79 54
55 79 58
55 80 7
55 80 40
55 80 26
55 81 7
55 81 18
55 81 55
55 86 3
55 86 36
55 87 3
55 87 12
55 88 4
55 88 43
55 89 2
55 89 9
55 89 75
55 90 3
55 90 11
55 91 6
55 91 33
55 91 41
55 92 11
55 92 60
55 92 173
55 93 2
55 93 18
55 93 74
55 94 9
55 95 20
55 95 58
55 95 59
55 97 3
55 97 18
55 97 19
55 98 5
55 98 28
55 98 70
55 99 6
55 99 37
56 57 4
56 57 82
56 57 35
56 58 7
56 59 35
56 59 12
56 60 110
56 60 14
56 61 6
56 61 26
56 61 65
56 85 4
56 85 190
56 85 148
56 62 9
56 62 112
56 62 46
56 63 4
56 63 153
56 64 95
56 64 11
56 65 33
56 65 39
56 66 5
56 66 25
56 67 20
56 67 95
56 67 132
56 68 101
56 69 8
56 69 108
56 69 87
56 70 23
56 70 107
56 70 147
56 71 3
56 71 131
56 71 68
56 72 4
56 72 131
56 72 26
56 73 3
56 73 169
56 73 46
56 74 5
56 74 11
56 74 53
56 96 14
56 96 7
56 96 64
56 75 3
56 75 120
56 75 33
56 76 5
56 76 35
56 76 51
56 77 4
56 77 81
56 77 15
56 78 5
56 78 242
56 78 106
56 79 134
56 80 134
56 81 4
56 81 138
56 81 71
56 86 95
56 86 48
56 87 9
56 87 127
56 87 25
56 88 6
56 88 32
56 88 98
56 89 43
56 89 215
56 90 4
56 90 131
56 90 49
56 91 4
56 91 37
56 92 5
56 92 5
56 92 70
56 93 12
56 93 37
56 93 129
56 94 234
56 94 26
56 95 4
56 95 144
56 95 12
56 97 4
56 97 8
56 97 85
56 98 3
56 98 148
56 98 9
56 99 7
56 99 30
56 99 58
57 58 22
57 58 53
57 59 3
57 59 13
57 59 48
57 60 6
57 60 38
57 60 37
57 61 5
57 61 18
57 61 45
57 85 14
57 85 52
57 85 27
57 62 13
57 62 36
57 62 12
57 63 3
57 63 39
57 63 51
57 64 9
57 64 34
57 64 31
57 65 15
57 65 17
57 65 50
57 66 7
57 66 4
57 66 58
57 67 7
57 67 22
57 67 14
57 68 6
57 68 35
57 68 45
57 69 9
57 69 36
57 69 37
57 70 14
57 70 17
57 70 23
57 71 9
57 71 41
57 71 59
57 72 36
57 72 61
57 73 18
57 73 52
57 73 23
57 74 14
57 74 14
57 74 52
57 96 7
57 96 18
57 96 17
57 75 42
57 75 25
57 75 79
57 76 8
57 76 5
57 76 32
57 77 7
57 77 21
57 77 57
57 78 6
57 78 54
57 78 60
57 79 20
57 79 29
57 79 46
57 80 8
57 80 38
57 80 52
57 81 53
57 81 57
57 81 50
57 86 2
57 86 35
57 86 38
57 87 7
57 87 32
57 87 12
57 88 21
57 89 4
57 89 16
57 89 52
57 90 61
57 90 31
57 90 20
57 91 8
57 91 12
57 91 62
57 92 10
57 92 35
57 92 84
57 93 4
57 93 5
57 93 68
57 94 16
57 94 42
57 94 9
57 95 12
57 95 44
57 95 21
57 97 1
57 97 28
57 97 29
57 98 15
57 98 26
57 98 75
57 99 6
57 99 17
57 99 19
58 59 2
58 59 26
58 60 11
58 60 21
58 61 25
58 85 13
58 85 13
58 62 10
58 62 23
58 62 29
58 63 37
58 63 37
58 64 7
58 64 45
58 64 91
58 65 4
58 65 41
58 66 39
58 66 36
58 66 54
58 67 4
58 67 18
58 68 15
58 68 47
58 68 100
58 69 16
58 70 19
58 71 34
58 71 30
58 72 24
58 72 18
58 72 115
58 73 8
58 73 38
58 74 12
58 74 14
58 96 13
58 96 16
58 75 13
58 75 15
58 75 39
58 76 30
58 77 40
58 77 35
58 77 188
58 78 24
58 79 48
58 79 50
58 79 99
58 80 17
58 80 34
58 80 17
58 81 17
58 81 39
58 86 4
58 86 13
58 86 26
58 87 9
58 87 19
58 88 12
58 88 57
58 89 14
58 90 8
58 90 19
58 91 37
58 91 41
58 91 62
58 92 38
58 92 16
58 93 9
58 93 14
58 94 9
58 94 13
58 94 31
58 95 16
58 95 43
58 95 34
58 97 19
58 97 22
58 97 11
58 98 3
58 98 12
58 98 50
58 99 6
58 99 23
58 99 15
59 60 6
59 60 46
59 60 90
59 61 19
59 61 14
59 61 16
59 85 7
59 85 14
59 62 29
59 62 58
59 63 11
59 63 37
59 64 9
59 64 17
59 64 14
59 65 2
59 65 46
59 65 62
59 66 5
59 66 28
59 66 71
59 67 4
59 67 69
59 67 18
59 68 8
59 68 18
59 68 34
59 69 9
59 69 19
59 70 6
59 70 26
59 70 30
59 71 5
59 71 23
59 71 37
59 72 4
59 72 32
59 72 14
59 73 2
59 73 34
59 73 12
59 74 9
59 74 27
59 74 84
59 96 13
59 96 20
59 75 2
59 75 23
59 75 45
59 76 15
59 76 18
59 76 22
59 77 6
59 77 58
59 77 25
59 78 10
59 78 28
59 78 18
59 79 14
59 79 35
59 80 33
59 80 22
59 81 1
59 81 37
59 81 46
59 86 30
59 86 29
59 87 15
59 87 47
59 88 3
59 88 39
59 89 4
59 89 35
59 89 31
59 90 15
59 90 51
59 91 40
59 91 46
59 92 4
59 92 38
59 92 82
59 93 40
59 93 57
59 94 5
59 94 33
59 94 12
59 95 8
59 95 29
59 95 49
59 97 12
59 97 33
59 98 2
59 98 7
59 98 51
59 99 21
59 99 35
60 61 3
60 61 18
60 61 31
60 85 5
60 85 71
60 85 26
60 62 2
60 62 64
60 62 29
60 63 73
60 63 43
60 64 6
60 64 50
60 64 13
60 65 3
60 65 23
60 65 75
60 66 6
60 66 41
60 66 120
60 67 54
60 68 7
60 68 68
60 68 105
60 69 8
60 69 57
60 69 17
60 70 18
60 71 20
60 71 50
60 71 76
60 72 12
60 72 56
60 72 32
60 73 5
60 73 89
60 73 14
60 74 11
60 74 16
60 74 149
60 96 12
60 96 23
60 96 18
60 75 7
60 75 58
60 75 76
60 76 25
60 76 21
60 77 7
60 77 32
60 77 57
60 78 71
60 78 11
60 79 13
60 79 79
60 79 94
60 80 7
60 80 67
60 80 42
60 81 13
60 81 74
60 81 80
60 86 3
60 86 28
60 86 29
60 87 6
60 87 76
60 87 22
60 88 8
60 88 26
60 89 4
60 89 22
60 89 62
60 90 2
60 90 73
60 90 28
60 91 4
60 91 22
60 91 66
60 92 15
60 92 48
60 92 168
60 93 15
60 93 57
60 94 10
60 94 61
60 94 11
60 95 13
60 95 115
60 95 69
60 97 6
60 97 40
60 97 50
60 98 7
60 98 76
60 98 96
60 99 5
60 99 11
60 99 52
61 62 9
61 63 5
61 62 23
61 85 29
61 85 60
61 85 72
61 62 11
61 63 25
61 63 26
61 64 13
61 65 18
61 66 17
61 66 23
61 66 46
61 67 10
61 67 34
61 68 16
61 68 10
61 68 21
61 69 5
61 69 5
61 69 18
61 70 17
61 70 49
61 70 23
61 71 8
61 71 18
61 72 3
61 72 13
61 72 33
61 73 6
61 73 67
61 73 50
61 74 10
61 74 14
61 74 14
61 96 3
61 96 19
61 75 8
61 75 15
61 75 32
61 76 30
61 76 21
61 77 10
61 77 31
61 77 12
61 78 9
61 78 27
61 78 31
61 79 16
61 79 23
61 80 16
61 80 41
61 81 5
61 81 16
61 81 50
61 86 6
61 86 51
61 87 6
61 87 12
61 87 23
61 88 9
61 88 53
61 88 183
61 89 18
61 89 53
61 90 8
61 90 12
61 90 23
61 91 16
61 91 40
61 92 27
61 92 16
61 92 15
61 93 9
61 93 18
61 94 40
61 94 44
61 95 38
61 95 25
61 95 41
61 97 12
61 97 33
61 98 5
61 98 9
61 98 25
61 99 7
61 99 49
61 99 65
62 63 10
62 63 67
62 63 17
62 64 61
62 64 13
62 65 3
62 65 16
62 65 25
62 66 10
62 66 27
62 66 25
62 67 37
62 67 20
62 67 25
62 68 14
62 68 66
62 68 26
62 69 22
62 69 59
62 69 18
62 70 22
62 70 26
62 70 27
62 71 6
62 71 61
62 71 24
62 72 18
62 72 80
62 72 13
62 73 102
62 74 17
62 74 23
62 74 40
62 96 14
62 96 15
62 96 19
62 75 14
62 75 88
62 75 15
62 76 17
62 76 22
62 76 39
62 77 11
62 77 70
62 77 20
62 78 22
62 78 98
62 78 15
62 79 13
62 79 92
62 79 43
62 80 19
62 80 89
62 80 13
62 81 14
62 81 89
62 81 20
62 86 51
62 86 28
62 87 55
62 87 162
62 87 164
62 88 10
62 88 32
62 88 84
62 89 26
62 89 66
62 90 59
62 90 153
62 90 172
62 91 8
62 91 38
62 91 29
62 92 18
62 92 24
62 92 39
62 93 14
62 93 31
62 93 48
62 94 110
62 94 18
62 95 6
62 95 88
62 95 14
62 97 10
62 97 17
62 97 37
62 98 14
62 98 79
62 98 20
62 99 19
62 99 15
62 99 12
63 72 71
63 64 5
63 64 69
63 64 43
63 65 10
63 65 45
63 65 35
63 66 6
63 66 53
63 66 62
63 67 7
63 67 30
63 67 17
63 68 70
63 68 43
63 69 10
63 69 52
63 69 44
63 70 6
63 70 47
63 71 68
63 71 53
63 72 14
63 72 60
63 73 92
63 73 20
63 74 9
63 74 64
63 74 49
63 96 9
63 96 22
63 75 6
63 75 96
63 75 51
63 76 19
63 76 26
63 76 33
63 77 33
63 77 84
63 77 41
63 78 28
63 78 93
63 78 11
63 79 29
63 79 124
63 79 102
63 80 9
63 80 104
63 80 50
63 81 16
63 81 75
63 81 51
63 86 10
63 86 32
63 86 32
63 87 14
63 87 74
63 87 17
63 88 64
63 89 4
63 89 18
63 89 83
63 90 10
63 90 72
63 90 17
63 91 20
63 91 78
63 91 115
63 92 4
63 92 64
63 92 36
63 93 3
63 93 34
63 93 34
63 94 92
63 94 27
63 95 16
63 95 76
63 95 10
63 97 3
63 97 34
63 97 17
63 98 11
63 98 132
63 98 41
63 99 19
63 99 44
64 77 4
64 65 21
64 65 35
64 65 17
64 66 3
64 66 5
64 66 23
64 67 10
64 68 11
64 68 69
64 68 20
64 69 59
64 69 26
64 71 14
64 71 52
64 71 33
64 72 61
64 72 25
64 73 6
64 73 71
64 73 12
64 74 11
64 74 8
64 74 23
64 96 25
64 96 18
64 75 82
64 75 32
64 76 4
64 76 20
64 77 28
64 78 16
64 78 84
64 79 8
64 79 75
64 79 35
64 80 3
64 80 48
64 80 12
64 81 3
64 81 95
64 81 21
64 86 34
64 86 15
64 87 3
64 87 74
64 87 13
64 88 4
64 88 11
64 89 6
64 89 5
64 89 41
64 90 3
64 90 79
64 90 13
64 91 18
64 91 28
64 92 5
64 92 37
64 92 38
64 93 2
64 93 5
64 93 38
64 94 4
64 94 74
64 94 10
64 95 7
64 95 70
64 97 5
64 97 13
64 98 6
64 98 70
64 98 24
64 99 3
64 99 29
64 99 11
65 66 4
65 66 7
65 66 54
65 67 16
65 67 15
65 68 8
65 68 39
65 68 44
65 69 3
65 69 25
65 69 32
65 70 22
65 70 42
65 71 16
65 71 13
65 71 66
65 72 18
65 72 35
65 73 13
65 73 7
65 74 16
65 74 35
65 74 58
65 96 7
65 96 47
65 96 23
65 75 5
65 75 17
65 75 65
65 76 7
65 76 23
65 76 34
65 77 4
65 77 87
65 77 55
65 78 17
65 78 6
65 78 26
65 79 41
65 79 48
65 79 58
65 80 2
65 80 48
65 80 39
65 81 15
65 81 71
65 81 35
65 86 11
65 86 21
65 86 20
65 87 7
65 87 15
65 87 18
65 88 13
65 89 2
65 89 62
65 89 58
65 90 7
65 90 15
65 90 34
65 91 12
65 91 68
65 91 46
65 92 10
65 92 19
65 92 94
65 93 3
65 93 53
65 93 56
65 94 14
65 94 22
65 94 25
65 95 7
65 95 32
65 95 27
65 97 16
65 97 40
65 98 15
65 98 29
65 98 74
65 99 4
65 99 13
65 99 33
66 67 16
66 67 14
66 67 9
66 68 25
66 68 30
66 68 92
66 69 14
66 69 11
66 69 40
66 70 4
66 70 32
66 70 18
66 71 16
66 71 35
66 71 53
66 72 15
66 72 26
66 72 56
66 73 22
66 73 48
66 73 49
66 74 30
66 74 90
66 74 191
66 96 7
66 96 14
66 96 20
66 75 7
66 75 66
66 75 75
66 76 24
66 76 46
66 76 31
66 77 23
66 77 51
66 77 74
66 78 19
66 78 12
66 78 21
66 79 35
66 79 47
66 79 80
66 80 18
66 80 33
66 80 54
66 81 6
66 81 42
66 81 85
66 86 29
66 86 46
66 87 12
66 87 12
66 87 33
66 88 8
66 88 109
66 89 19
66 89 22
66 89 67
66 90 16
66 90 12
66 90 33
66 91 29
66 91 43
66 91 80
66 92 48
66 92 108
66 92 170
66 93 24
66 93 80
66 94 5
66 94 12
66 95 38
66 95 36
66 95 78
66 97 3
66 97 23
66 97 34
66 98 22
66 98 77
66 98 70
66 99 21
66 99 21
66 99 54
67 75 9
67 75 13
67 75 21
67 76 23
67 76 16
67 68 18
67 68 15
67 68 23
67 69 30
67 69 12
67 69 77
67 70 29
67 70 135
67 70 147
67 71 35
67 71 33
67 71 47
67 72 4
67 72 23
67 72 14
67 73 6
67 73 50
67 73 27
67 74 19
67 74 12
67 74 43
67 96 13
67 96 4
67 96 67
67 76 46
67 77 12
67 77 60
67 77 14
67 78 41
67 78 106
67 78 37
67 79 9
67 79 16
67 80 29
67 80 19
67 81 14
67 81 21
67 81 51
67 86 26
67 87 31
67 87 10
67 87 15
67 88 20
67 88 49
67 88 23
67 89 30
67 89 93
67 90 34
67 90 10
67 90 12
67 91 4
67 91 21
67 92 21
67 92 18
67 92 44
67 93 19
67 93 19
67 93 58
67 94 9
67 94 72
67 95 3
67 95 23
67 97 13
67 97 16
67 97 69
67 98 19
67 98 20
67 99 30
67 99 47
67 99 24
68 69 7
68 69 67
68 69 28
68 70 3
68 70 29
68 71 16
68 71 77
68 71 44
68 72 22
68 72 68
68 72 75
68 73 16
68 73 97
68 73 30
68 74 30
68 74 45
68 74 96
68 96 10
68 96 41
68 96 16
68 75 2
68 75 70
68 75 86
68 76 25
68 76 22
68 76 29
68 77 16
68 77 77
68 77 80
68 78 18
68 78 84
68 79 38
68 79 142
68 79 163
68 80 18
68 80 75
68 80 48
68 81 11
68 81 70
68 81 27
68 86 15
68 86 35
68 86 14
68 87 8
68 87 77
68 87 37
68 88 13
68 88 29
68 88 61
68 89 16
68 89 32
68 89 27
68 90 10
68 90 87
68 90 38
68 91 14
68 91 80
68 91 43
68 92 29
68 92 46
68 92 130
68 93 4
68 93 25
68 93 37
68 94 94
68 94 37
68 95 22
68 95 72
68 95 31
68 97 9
68 97 31
68 97 31
68 98 16
68 98 82
68 98 69
68 99 17
68 99 41
68 99 10
69 70 20
69 70 18
69 70 89
69 71 7
69 71 48
69 71 66
69 72 4
69 72 58
69 72 36
69 73 67
69 73 9
69 74 13
69 74 5
69 74 29
69 96 57
69 96 224
69 96 241
69 75 17
69 75 60
69 75 51
69 76 24
69 76 34
69 76 118
69 77 3
69 77 40
69 77 60
69 78 26
69 78 75
69 78 25
69 79 15
69 79 56
69 79 37
69 80 16
69 80 41
69 80 34
69 81 15
69 81 87
69 81 101
69 86 10
69 86 57
69 86 61
69 87 16
69 87 72
69 87 18
69 88 8
69 88 22
69 89 11
69 89 46
69 89 114
69 90 14
69 90 72
69 90 25
69 91 4
69 91 11
69 91 49
69 92 12
69 92 12
69 92 48
69 93 12
69 93 21
69 93 81
69 94 9
69 94 95
69 94 15
69 95 10
69 95 76
69 97 2
69 97 20
69 97 97
69 98 11
69 98 59
69 98 26
69 99 12
69 99 18
69 99 32
70 71 3
70 71 55
70 71 56
70 72 4
70 72 34
70 72 14
70 73 66
70 73 36
70 74 12
70 74 35
70 74 12
70 96 9
70 96 9
70 96 78
70 75 10
70 75 19
70 75 22
70 76 7
70 76 25
70 76 36
70 77 12
70 77 101
70 77 17
70 78 19
70 78 135
70 78 129
70 79 39
70 80 3
70 80 43
70 81 16
70 81 27
70 81 55
70 86 6
70 86 13
70 86 45
70 87 15
70 87 15
70 87 23
70 88 4
70 88 43
70 89 3
70 89 37
70 89 102
70 90 14
70 90 22
70 90 29
70 91 4
70 91 45
70 92 8
70 92 20
70 92 15
70 93 14
70 93 27
70 93 54
70 94 71
70 95 13
70 95 20
70 97 12
70 97 17
70 97 113
70 98 6
70 98 40
70 98 9
70 99 8
70 99 82
70 99 53
71 72 14
71 72 66
71 72 59
71 73 13
71 73 85
71 73 17
71 74 26
71 74 49
71 74 47
71 96 11
71 96 13
71 96 47
71 75 10
71 75 91
71 75 67
71 76 38
71 77 26
71 77 62
71 77 60
71 78 16
71 78 116
71 78 110
71 79 27
71 79 77
71 79 67
71 80 10
71 80 55
71 80 33
71 81 15
71 81 60
71 81 51
71 86 7
71 86 29
71 86 42
71 87 8
71 87 57
71 87 11
71 88 3
71 88 58
71 89 9
71 89 26
71 89 114
71 90 8
71 90 64
71 90 37
71 91 21
71 91 29
71 91 66
71 92 21
71 92 63
71 92 56
71 93 14
71 93 59
71 94 109
71 94 95
71 95 27
71 95 61
71 95 16
71 97 3
71 97 22
71 97 62
71 98 11
71 98 107
71 98 42
71 99 3
71 99 18
71 99 51
72 73 13
72 73 86
72 73 8
72 74 17
72 74 20
72 74 22
72 96 14
72 96 18
72 75 3
72 75 81
72 75 108
72 76 21
72 76 20
72 77 27
72 77 62
72 77 136
72 78 9
72 78 110
72 78 68
72 79 26
72 79 79
72 79 126
72 80 23
72 80 79
72 80 89
72 81 11
72 81 88
72 81 54
72 86 42
72 86 15
72 87 11
72 87 70
72 87 21
72 88 4
72 88 45
72 88 21
72 89 5
72 89 29
72 89 100
72 90 9
72 90 85
72 90 45
72 91 16
72 91 36
72 91 128
72 92 29
72 92 47
72 92 24
72 93 3
72 93 31
72 93 26
72 94 4
72 94 98
72 94 10
72 95 23
72 95 64
72 95 36
72 97 8
72 97 30
72 97 22
72 98 5
72 98 85
72 98 38
72 99 5
72 99 22
72 99 11
73 75 8
73 74 27
73 74 14
73 74 38
73 96 5
73 75 98
73 75 10
73 76 27
73 76 17
73 77 14
73 77 92
73 77 49
73 78 138
73 78 18
73 79 29
73 79 99
73 79 14
73 80 14
73 80 98
73 80 39
73 81 13
73 81 97
73 81 31
73 86 71
73 86 23
73 87 2
73 87 87
73 87 6
73 88 26
73 88 45
73 88 123
73 89 7
73 89 14
73 89 32
73 90 10
73 90 88
73 91 19
73 91 65
73 91 13
73 92 20
73 92 47
73 92 34
73 93 6
73 93 50
73 94 13
73 94 192
73 94 78
73 95 26
73 95 119
73 95 13
73 97 15
73 98 22
73 98 94
73 98 16
73 99 23
73 99 55
73 99 57
74 96 7
74 96 4
74 96 18
74 75 6
74 75 72
74 75 64
74 76 32
74 76 26
74 76 43
74 77 28
74 77 58
74 77 28
74 78 27
74 78 7
74 78 14
74 79 23
74 79 80
74 79 69
74 80 30
74 80 58
74 80 22
74 81 23
74 81 23
74 81 104
74 86 10
74 86 35
74 86 33
74 87 23
74 87 4
74 87 26
74 88 20
74 88 66
74 88 70
74 89 18
74 89 49
74 89 88
74 90 21
74 90 13
74 90 25
74 91 17
74 91 85
74 91 29
74 92 57
74 92 152
74 92 371
74 93 4
74 93 37
74 93 119
74 94 11
74 95 27
74 95 32
74 95 67
74 97 4
74 97 20
74 97 26
74 98 30
74 98 109
74 98 88
74 99 16
74 99 18
74 99 30
75 76 3
75 76 9
75 76 35
75 77 19
75 77 57
75 77 62
75 78 8
75 78 93
75 78 56
75 79 16
75 79 66
75 79 107
75 80 7
75 80 62
75 80 40
75 81 43
75 81 86
75 81 71
75 86 8
75 86 37
75 86 27
75 87 8
75 87 77
75 87 23
75 88 78
75 89 6
75 89 24
75 89 62
75 90 43
75 90 77
75 90 62
75 91 14
75 91 29
75 91 65
75 92 8
75 92 98
75 92 85
75 93 3
75 93 22
75 93 76
75 94 97
75 94 13
75 95 9
75 95 67
75 95 45
75 97 15
75 97 33
75 98 5
75 98 141
75 98 73
75 99 22
75 99 33
76 80 11
76 80 20
76 81 4
76 80 33
76 77 4
76 77 45
76 77 35
76 78 33
76 78 16
76 78 31
76 79 17
76 79 45
76 79 38
76 81 39
76 81 79
76 86 18
76 86 50
76 86 87
76 87 16
76 87 37
76 88 28
76 88 31
76 88 75
76 89 112
76 89 30
76 89 162
76 90 15
76 90 87
76 91 4
76 91 58
76 91 36
76 92 40
76 92 29
76 92 22
76 93 4
76 93 37
76 93 92
76 94 9
76 94 18
76 95 22
76 95 17
76 95 7
76 97 9
76 97 26
76 97 72
76 98 15
76 98 38
76 98 20
76 99 15
76 99 58
77 78 8
77 78 46
77 79 38
77 79 79
77 79 145
77 80 17
77 80 109
77 80 25
77 81 14
77 81 60
77 81 36
77 86 3
77 86 28
77 86 28
77 87 17
77 87 47
77 87 23
77 88 3
77 88 26
77 88 20
77 89 3
77 89 86
77 89 27
77 90 15
77 90 42
77 90 22
77 91 36
77 91 145
77 91 151
77 92 39
77 92 44
77 92 35
77 93 4
77 93 74
77 93 30
77 94 54
77 94 19
77 95 30
77 95 60
77 95 43
77 97 3
77 97 49
77 97 25
77 98 17
77 98 74
77 98 47
77 99 58
77 99 25
78 86 8
78 87 19
78 79 17
78 79 96
78 79 38
78 80 20
78 80 91
78 80 45
78 81 25
78 81 99
78 81 20
78 86 4
78 86 51
78 87 98
78 87 14
78 88 17
78 88 52
78 89 5
78 89 19
78 89 81
78 90 24
78 90 99
78 90 28
78 91 4
78 91 34
78 91 56
78 92 19
78 92 30
78 92 43
78 93 16
78 93 10
78 93 15
78 94 11
78 94 190
78 94 52
78 95 4
78 95 102
78 95 10
78 97 2
78 97 17
78 97 15
78 98 18
78 98 108
78 98 8
78 99 21
78 99 58
78 99 21
79 80 33
79 80 118
79 80 95
79 81 19
79 81 85
79 81 48
79 86 34
79 86 28
79 86 38
79 87 7
79 87 97
79 87 34
79 88 45
79 89 17
79 89 51
79 89 78
79 90 12
79 90 108
79 90 42
79 91 67
79 91 110
79 91 162
79 92 21
79 92 73
79 92 81
79 93 7
79 93 43
79 93 41
79 94 10
79 94 80
79 94 43
79 95 32
79 95 101
79 95 29
79 97 5
79 97 28
79 97 23
79 98 13
79 98 121
79 98 69
79 99 11
79 99 24
79 99 36
80 81 26
80 81 63
80 81 37
80 86 28
80 86 15
80 87 22
80 87 72
80 87 13
80 88 8
80 88 27
80 88 58
80 89 7
80 89 53
80 89 70
80 90 18
80 90 73
80 90 12
80 91 23
80 91 90
80 91 148
80 92 17
80 92 49
80 92 31
80 93 9
80 93 37
80 93 31
80 94 7
80 94 99
80 94 22
80 95 24
80 95 88
80 97 16
80 97 26
80 97 20
80 98 12
80 98 89
80 98 28
80 99 15
80 99 36
80 99 23
81 86 6
81 86 70
81 86 61
81 87 24
81 87 80
81 87 37
81 88 7
81 88 39
81 88 86
81 89 7
81 89 46
81 89 172
81 90 53
81 90 80
81 90 36
81 91 13
81 91 31
81 91 41
81 92 16
81 92 50
81 92 87
81 93 17
81 93 28
81 93 113
81 94 17
81 94 101
81 94 9
81 95 17
81 95 69
81 95 30
81 97 20
81 97 34
81 97 41
81 98 16
81 98 75
81 98 123
81 99 7
81 99 16
81 99 60
82 83 14
82 83 15
82 83 19
82 0 6
82 1 5
82 2 4
82 2 6
82 2 20
82 4 7
82 4 3
82 5 15
82 7 15
82 8 23
82 9 4
82 9 38
82 10 19
82 11 19
82 13 8
82 14 6
82 15 7
82 15 6
82 15 16
82 16 10
82 16 5
82 17 15
82 17 166
82 18 5
82 19 7
82 20 20
82 21 16
82 21 5
82 23 19
82 23 31
82 24 45
82 25 9
82 26 4
82 27 9
82 29 5
82 30 15
82 30 16
82 32 9
82 35 14
82 37 6
82 39 7
82 40 13
82 43 31
82 44 6
82 45 3
82 47 7
82 48 4
82 48 26
82 49 30
82 49 42
82 84 7
82 84 25
82 84 12
82 50 4
82 50 14
82 50 14
82 51 21
82 51 23
82 51 83
82 52 11
82 52 53
82 52 98
82 53 16
82 53 50
82 53 81
82 54 7
82 71 12
82 54 38
82 54 47
82 55 10
82 55 9
82 55 23
82 56 4
82 56 29
82 56 20
82 57 3
82 57 38
82 57 33
82 58 7
82 58 18
82 58 16
82 59 9
82 59 10
82 59 89
82 60 8
82 60 39
82 60 47
82 61 16
82 61 10
82 61 22
82 85 19
82 85 40
82 85 30
82 62 22
82 62 76
82 62 95
82 63 27
82 63 46
82 63 63
82 64 38
82 64 19
82 65 11
82 65 17
82 66 10
82 66 11
82 66 50
82 67 12
82 67 7
82 67 62
82 68 11
82 68 40
82 68 38
82 69 6
82 69 33
82 69 57
82 70 10
82 70 7
82 70 82
82 71 42
82 71 48
82 72 23
82 72 47
82 72 40
82 73 4
82 73 39
82 73 22
82 74 14
82 74 13
82 74 84
82 96 6
82 96 6
82 96 46
82 75 7
82 75 40
82 75 35
82 76 13
82 76 4
82 76 20
82 77 19
82 77 11
82 77 63
82 78 23
82 78 50
82 79 19
82 79 56
82 79 67
82 80 4
82 80 63
82 80 20
82 81 15
82 81 51
82 81 53
82 86 2
82 86 41
82 86 28
82 87 29
82 87 89
82 87 52
82 88 2
82 88 14
82 88 24
82 89 8
82 89 12
82 89 28
82 90 16
82 90 86
82 90 51
82 91 11
82 91 11
82 91 71
82 92 24
82 92 19
82 92 25
82 93 10
82 93 10
82 93 39
82 94 3
82 94 43
82 94 10
82 95 23
82 95 65
82 95 11
82 97 8
82 97 18
82 97 78
82 98 3
82 98 42
82 98 52
82 99 19
82 99 23
83 0 16
83 1 5
83 2 14
83 3 12
83 4 8
83 4 3
83 8 42
83 10 14
83 11 13
83 12 3
83 13 26
83 14 4
83 15 7
83 16 8
83 19 11
83 20 16
83 21 74
83 22 3
83 24 38
83 26 7
83 28 4
83 30 17
83 33 9
83 34 17
83 35 22
83 37 16
83 38 13
83 40 18
83 40 32
83 41 5
83 42 12
83 44 6
83 84 9
83 84 37
83 84 20
83 50 11
83 50 20
83 50 13
83 51 3
83 51 89
83 52 3
83 52 25
83 52 39
83 53 6
83 53 50
83 53 44
83 54 28
83 54 30
83 54 82
83 55 4
83 55 34
83 55 42
83 56 40
83 56 57
83 57 15
83 57 28
83 57 73
83 58 10
83 58 31
83 58 64
83 59 4
83 59 12
83 59 27
83 60 2
83 60 42
83 60 46
83 61 9
83 61 8
83 61 51
83 85 7
83 85 25
83 85 41
83 62 27
83 62 21
83 63 4
83 63 58
83 63 83
83 64 16
83 64 50
83 64 32
83 65 24
83 65 11
83 65 74
83 66 25
83 66 27
83 66 87
83 67 4
83 67 36
83 68 41
83 68 125
83 68 165
83 69 27
83 69 79
83 70 5
83 70 45
83 71 13
83 71 35
83 71 69
83 72 13
83 72 28
83 72 102
83 73 23
83 73 39
83 73 7
83 74 19
83 74 23
83 74 46
83 96 10
83 96 17
83 75 2
83 75 56
83 75 107
83 76 6
83 76 10
83 76 27
83 77 24
83 77 29
83 77 37
83 78 14
83 78 44
83 78 45
83 79 44
83 79 101
83 79 99
83 80 13
83 80 43
83 80 21
83 81 3
83 81 39
83 81 92
83 86 12
83 86 18
83 86 23
83 87 2
83 87 44
83 87 31
83 88 3
83 88 19
83 89 10
83 89 9
83 89 109
83 90 7
83 90 45
83 90 52
83 91 26
83 91 25
83 91 57
83 92 22
83 92 47
83 92 78
83 93 2
83 93 8
83 93 59
83 94 9
83 94 34
83 94 28
83 95 32
83 95 44
83 95 16
83 97 4
83 97 44
83 98 15
83 98 47
83 98 77
83 99 10
83 99 3
83 99 36
84 50 12
84 50 27
84 50 22
84 51 12
84 51 48
84 51 22
84 52 12
84 52 55
84 52 21
84 53 10
84 53 47
84 53 9
84 54 12
84 54 23
84 54 20
84 55 10
84 55 22
84 56 4
84 56 153
84 56 69
84 57 9
84 57 29
84 57 8
84 58 22
84 58 23
84 58 21
84 59 34
84 59 9
84 60 6
84 60 60
84 60 10
84 61 12
84 61 58
84 61 47
84 85 12
84 85 146
84 85 92
84 62 9
84 62 71
84 62 22
84 63 14
84 63 81
84 64 54
84 65 8
84 65 18
84 66 4
84 66 41
84 66 22
84 67 4
84 67 78
84 67 64
84 68 8
84 68 94
84 68 28
84 69 3
84 69 63
84 69 23
84 70 6
84 70 90
84 70 50
84 71 3
84 71 88
84 71 97
84 72 26
84 72 83
84 72 49
84 73 11
84 93 22
84 93 54
84 73 176
84 73 67
84 74 14
84 74 26
84 74 26
84 96 9
84 96 16
84 96 38
84 75 6
84 75 76
84 75 10
84 76 4
84 76 29
84 76 57
84 77 19
84 77 67
84 77 46
84 78 4
84 78 158
84 78 55
84 79 22
84 79 89
84 79 48
84 80 31
84 80 81
84 80 15
84 81 14
84 81 89
84 81 54
84 86 48
84 86 36
84 87 4
84 87 70
84 87 20
84 88 11
84 88 101
84 88 197
84 89 23
84 89 79
84 90 5
84 90 77
84 90 20
84 91 19
84 91 51
84 91 31
84 92 8
84 92 35
84 92 15
84 93 4
84 94 48
84 94 244
84 94 209
84 95 17
84 95 77
84 97 3
84 97 39
84 97 45
84 98 6
84 98 96
84 98 25
84 99 16
84 99 95
84 99 59
85 62 18
85 62 80
85 62 27
85 63 12
85 63 108
85 63 16
85 64 13
85 64 66
85 64 9
85 65 4
85 65 15
85 65 38
85 66 22
85 66 6
85 66 9
85 67 24
85 67 59
85 67 83
85 68 19
85 68 83
85 68 23
85 69 13
85 69 71
85 69 80
85 70 64
85 70 115
85 71 6
85 71 83
85 71 108
85 72 91
85 72 10
85 73 23
85 73 156
85 73 47
85 74 19
85 74 5
85 74 36
85 96 8
85 96 41
85 75 82
85 75 18
85 76 24
85 76 110
85 77 4
85 77 58
85 78 21
85 78 149
85 78 102
85 79 7
85 79 82
85 79 29
85 80 23
85 80 83
85 80 33
85 81 3
85 81 81
85 81 42
85 86 53
85 86 60
85 87 21
85 87 92
85 87 26
85 88 29
85 88 54
85 88 141
85 89 8
85 89 128
85 90 27
85 90 93
85 90 44
85 91 10
85 91 24
85 92 17
85 92 15
85 92 25
85 93 2
85 93 5
85 93 135
85 94 7
85 94 177
85 94 32
85 95 14
85 95 96
85 95 14
85 97 5
85 97 10
85 97 150
85 98 17
85 98 93
85 98 19
85 99 43
85 99 94
85 99 117
86 87 1
86 87 32
86 87 27
86 88 10
86 89 45
86 89 35
86 89 81
86 90 31
86 90 16
86 91 4
86 91 35
86 91 31
86 92 7
86 92 32
86 92 17
86 93 28
86 93 78
86 94 2
86 94 52
86 94 24
86 95 14
86 95 38
86 95 11
86 97 20
86 97 54
86 98 3
86 98 29
86 98 42
86 99 58
87 88 9
87 88 13
87 88 76
87 89 18
87 89 64
87 90 122
87 90 191
87 90 233
87 91 5
87 91 15
87 91 29
87 92 25
87 92 25
87 92 25
87 93 12
87 93 4
87 93 37
87 94 4
87 94 109
87 94 11
87 95 7
87 95 75
87 95 23
87 97 14
87 97 24
87 97 29
87 98 16
87 98 82
87 98 28
87 99 20
87 99 11
87 99 12
88 90 12
88 90 65
88 89 120
88 89 10
88 89 9
88 90 8
88 91 28
88 91 14
88 92 35
88 92 87
88 92 17
88 93 21
88 93 78
88 94 74
88 94 95
88 95 8
88 95 30
88 97 7
88 97 36
88 97 65
88 98 8
88 98 101
88 99 25
88 99 62
88 99 17
89 90 2
89 90 25
89 90 86
89 91 10
89 91 69
89 91 122
89 92 15
89 92 13
89 92 74
89 93 47
89 93 162
89 94 2
89 94 27
89 94 27
89 95 26
89 95 44
89 97 23
89 97 133
89 98 5
89 98 18
89 98 28
89 99 12
89 99 72
90 91 10
90 91 22
90 91 29
90 92 22
90 92 26
90 92 34
90 93 16
90 93 17
90 93 45
90 94 2
90 94 105
90 94 11
90 95 15
90 95 74
90 95 42
90 97 5
90 97 20
90 97 36
90 98 18
90 98 90
90 98 28
90 99 22
90 99 17
90 99 12
91 92 19
91 92 57
91 92 47
91 93 57
91 93 33
91 94 28
91 94 38
91 95 21
91 95 43
91 95 22
91 97 3
91 97 22
91 97 29
91 98 5
91 98 58
91 98 56
91 99 6
91 99 31
91 99 27
92 93 5
92 93 3
92 93 109
92 94 5
92 94 12
92 95 42
92 95 24
92 95 62
92 97 6
92 97 27
92 97 25
92 98 27
92 98 115
92 98 106
92 99 22
92 99 17
92 99 12
93 94 2
93 94 26
93 94 26
93 95 6
93 95 17
93 95 35
93 97 11
93 97 16
93 97 116
93 98 14
93 98 33
93 98 68
93 99 5
93 99 15
93 99 46
94 95 93
94 97 11
94 97 16
94 97 11
94 98 11
94 98 100
94 98 27
94 99 9
94 99 68
94 99 98
95 97 3
95 97 23
95 98 16
95 98 70
95 98 33
95 99 7
95 99 19
95 99 13
96 75 19
96 75 25
96 75 20
96 76 5
96 76 43
96 76 144
96 77 50
96 77 49
96 78 6
96 78 4
96 79 19
96 79 21
96 79 28
96 80 28
96 80 4
96 80 18
96 81 35
96 81 52
96 81 90
96 86 25
96 86 53
96 86 84
96 87 16
96 87 22
96 87 19
96 88 20
96 89 16
96 89 66
96 89 113
96 90 6
96 90 22
96 90 18
96 91 9
96 91 22
96 91 34
96 92 10
96 92 19
96 93 23
96 93 37
96 93 79
96 94 17
96 94 15
96 94 16
96 95 7
96 95 30
96 97 17
96 97 26
96 97 95
96 98 9
96 98 17
96 99 3
96 99 22
96 99 49
97 98 36
97 98 20
97 99 5
97 99 16
97 99 41
98 99 16
98 99 22
98 99 33
